No Record,XXXXXXXX,05:00:00,0.0,0.0,0,0.0,0.0,0,0,0,0.0,0.0
No Record,XXXXXXXX,05:01:00,0.0,0.0,0,0.0,0.0,0,0,0,0.0,0.0
No Record,XXXXXXXX,05:02:00,0.0,0.0,0,0.0,0.0,0,0,0,0.0,0.0
No Record,XXXXXXXX,05:03:00,0.0,0.0,0,0.0,0.0,0,0,0,0.0,0.0
No Record,XXXXXXXX,05:04:00,0.0,0.0,0,0.0,0.0,0,0,0,0.0,0.0
No Record,XXXXXXXX,05:05:00,0.0,0.0,0,0.0,0.0,0,0,0,0.0,0.0
No Record,XXXXXXXX,05:06:00,0.0,0.0,0,0.0,0.0,0,0,0,0.0,0.0
No Record,XXXXXXXX,05:07:00,0.0,0.0,0,0.0,0.0,0,0,0,0.0,0.0
No Record,XXXXXXXX,05:08:00,0.0,0.0,0,0.0,0.0,0,0,0,0.0,0.0
No Record,XXXXXXXX,05:09:00,0.0,0.0,0,0.0,0.0,0,0,0,0.0,0.0
No Record,XXXXXXXX,05:10:00,0.0,0.0,0,0.0,0.0,0,0,0,0.0,0.0
No Record,XXXXXXXX,05:11:00,0.0,0.0,0,0.0,0.0,0,0,0,0.0,0.0
No Record,XXXXXXXX,05:12:00,0.0,0.0,0,0.0,0.0,0,0,0,0.0,0.0
No Record,XXXXXXXX,05:13:00,0.0,0.0,0,0.0,0.0,0,0,0,0.0,0.0
No Record,XXXXXXXX,05:14:00,0.0,0.0,0,0.0,0.0,0,0,0,0.0,0.0
No Record,XXXXXXXX,05:15:00,0.0,0.0,0,0.0,0.0,0,0,0,0.0,0.0
No Record,XXXXXXXX,05:16:00,0.0,0.0,0,0.0,0.0,0,0,0,0.0,0.0
No Record,XXXXXXXX,05:17:00,0.0,0.0,0,0.0,0.0,0,0,0,0.0,0.0
No Record,XXXXXXXX,05:18:00,0.0,0.0,0,0.0,0.0,0,0,0,0.0,0.0
No Record,XXXXXXXX,05:19:00,0.0,0.0,0,0.0,0.0,0,0,0,0.0,0.0
No Record,XXXXXXXX,05:20:00,0.0,0.0,0,0.0,0.0,0,0,0,0.0,0.0
No Record,XXXXXXXX,05:21:00,0.0,0.0,0,0.0,0.0,0,0,0,0.0,0.0
No Record,XXXXXXXX,05:22:00,0.0,0.0,0,0.0,0.0,0,0,0,0.0,0.0
No Record,XXXXXXXX,05:23:00,0.0,0.0,0,0.0,0.0,0,0,0,0.0,0.0
No Record,XXXXXXXX,05:24:00,0.0,0.0,0,0.0,0.0,0,0,0,0.0,0.0
No Record,XXXXXXXX,05:25:00,0.0,0.0,0,0.0,0.0,0,0,0,0.0,0.0
No Record,XXXXXXXX,05:26:00,0.0,0.0,0,0.0,0.0,0,0,0,0.0,0.0
No Record,XXXXXXXX,05:27:00,0.0,0.0,0,0.0,0.0,0,0,0,0.0,0.0
No Record,XXXXXXXX,05:28:00,0.0,0.0,0,0.0,0.0,0,0,0,0.0,0.0
No Record,XXXXXXXX,05:29:00,0.0,0.0,0,0.0,0.0,0,0,0,0.0,0.0
No Record,XXXXXXXX,05:30:00,0.0,0.0,0,0.0,0.0,0,0,0,0.0,0.0
No Record,XXXXXXXX,05:31:00,0.0,0.0,0,0.0,0.0,0,0,0,0.0,0.0
No Record,XXXXXXXX,05:32:00,0.0,0.0,0,0.0,0.0,0,0,0,0.0,0.0
No Record,XXXXXXXX,05:33:00,0.0,0.0,0,0.0,0.0,0,0,0,0.0,0.0
No Record,XXXXXXXX,05:34:00,0.0,0.0,0,0.0,0.0,0,0,0,0.0,0.0
No Record,XXXXXXXX,05:35:00,0.0,0.0,0,0.0,0.0,0,0,0,0.0,0.0
No Record,XXXXXXXX,05:36:00,0.0,0.0,0,0.0,0.0,0,0,0,0.0,0.0
No Record,XXXXXXXX,05:37:00,0.0,0.0,0,0.0,0.0,0,0,0,0.0,0.0
No Record,XXXXXXXX,05:38:00,0.0,0.0,0,0.0,0.0,0,0,0,0.0,0.0
No Record,XXXXXXXX,05:39:00,0.0,0.0,0,0.0,0.0,0,0,0,0.0,0.0
No Record,XXXXXXXX,05:40:00,0.0,0.0,0,0.0,0.0,0,0,0,0.0,0.0
No Record,XXXXXXXX,05:41:00,0.0,0.0,0,0.0,0.0,0,0,0,0.0,0.0
No Record,XXXXXXXX,05:42:00,0.0,0.0,0,0.0,0.0,0,0,0,0.0,0.0
No Record,XXXXXXXX,05:43:00,0.0,0.0,0,0.0,0.0,0,0,0,0.0,0.0
No Record,XXXXXXXX,05:44:00,0.0,0.0,0,0.0,0.0,0,0,0,0.0,0.0
No Record,XXXXXXXX,05:45:00,0.0,0.0,0,0.0,0.0,0,0,0,0.0,0.0
No Record,XXXXXXXX,05:46:00,0.0,0.0,0,0.0,0.0,0,0,0,0.0,0.0
No Record,XXXXXXXX,05:47:00,0.0,0.0,0,0.0,0.0,0,0,0,0.0,0.0
No Record,XXXXXXXX,05:48:00,0.0,0.0,0,0.0,0.0,0,0,0,0.0,0.0
No Record,XXXXXXXX,05:49:00,0.0,0.0,0,0.0,0.0,0,0,0,0.0,0.0
No Record,XXXXXXXX,05:50:00,0.0,0.0,0,0.0,0.0,0,0,0,0.0,0.0
No Record,XXXXXXXX,05:51:00,0.0,0.0,0,0.0,0.0,0,0,0,0.0,0.0
No Record,XXXXXXXX,05:52:00,0.0,0.0,0,0.0,0.0,0,0,0,0.0,0.0
No Record,XXXXXXXX,05:53:00,0.0,0.0,0,0.0,0.0,0,0,0,0.0,0.0
No Record,XXXXXXXX,05:54:00,0.0,0.0,0,0.0,0.0,0,0,0,0.0,0.0
No Record,XXXXXXXX,05:55:00,0.0,0.0,0,0.0,0.0,0,0,0,0.0,0.0
No Record,XXXXXXXX,05:56:00,0.0,0.0,0,0.0,0.0,0,0,0,0.0,0.0
No Record,XXXXXXXX,05:57:00,0.0,0.0,0,0.0,0.0,0,0,0,0.0,0.0
No Record,XXXXXXXX,05:58:00,0.0,0.0,0,0.0,0.0,0,0,0,0.0,0.0
No Record,XXXXXXXX,05:59:00,0.0,0.0,0,0.0,0.0,0,0,0,0.0,0.0
No Record,XXXXXXXX,06:00:00,0.0,0.0,0,0.0,0.0,0,0,0,0.0,0.0
No Record,XXXXXXXX,06:01:00,0.0,0.0,0,0.0,0.0,0,0,0,0.0,0.0
No Record,XXXXXXXX,06:02:00,0.0,0.0,0,0.0,0.0,0,0,0,0.0,0.0
No Record,XXXXXXXX,06:03:00,0.0,0.0,0,0.0,0.0,0,0,0,0.0,0.0
No Record,XXXXXXXX,06:04:00,0.0,0.0,0,0.0,0.0,0,0,0,0.0,0.0
No Record,XXXXXXXX,06:05:00,0.0,0.0,0,0.0,0.0,0,0,0,0.0,0.0
No Record,XXXXXXXX,06:06:00,0.0,0.0,0,0.0,0.0,0,0,0,0.0,0.0
No Record,XXXXXXXX,06:07:00,0.0,0.0,0,0.0,0.0,0,0,0,0.0,0.0
No Record,XXXXXXXX,06:08:00,0.0,0.0,0,0.0,0.0,0,0,0,0.0,0.0
No Record,XXXXXXXX,06:09:00,0.0,0.0,0,0.0,0.0,0,0,0,0.0,0.0
No Record,XXXXXXXX,06:10:00,0.0,0.0,0,0.0,0.0,0,0,0,0.0,0.0
No Record,XXXXXXXX,06:11:00,0.0,0.0,0,0.0,0.0,0,0,0,0.0,0.0
No Record,XXXXXXXX,06:12:00,0.0,0.0,0,0.0,0.0,0,0,0,0.0,0.0
No Record,XXXXXXXX,06:13:00,0.0,0.0,0,0.0,0.0,0,0,0,0.0,0.0
No Record,XXXXXXXX,06:14:00,0.0,0.0,0,0.0,0.0,0,0,0,0.0,0.0
No Record,XXXXXXXX,06:15:00,0.0,0.0,0,0.0,0.0,0,0,0,0.0,0.0
No Record,XXXXXXXX,06:16:00,0.0,0.0,0,0.0,0.0,0,0,0,0.0,0.0
No Record,XXXXXXXX,06:17:00,0.0,0.0,0,0.0,0.0,0,0,0,0.0,0.0
No Record,XXXXXXXX,06:18:00,0.0,0.0,0,0.0,0.0,0,0,0,0.0,0.0
No Record,XXXXXXXX,06:19:00,0.0,0.0,0,0.0,0.0,0,0,0,0.0,0.0
No Record,XXXXXXXX,06:20:00,0.0,0.0,0,0.0,0.0,0,0,0,0.0,0.0
No Record,XXXXXXXX,06:21:00,0.0,0.0,0,0.0,0.0,0,0,0,0.0,0.0
No Record,XXXXXXXX,06:22:00,0.0,0.0,0,0.0,0.0,0,0,0,0.0,0.0
No Record,XXXXXXXX,06:23:00,0.0,0.0,0,0.0,0.0,0,0,0,0.0,0.0
No Record,XXXXXXXX,06:24:00,0.0,0.0,0,0.0,0.0,0,0,0,0.0,0.0
No Record,XXXXXXXX,06:25:00,0.0,0.0,0,0.0,0.0,0,0,0,0.0,0.0
No Record,XXXXXXXX,06:26:00,0.0,0.0,0,0.0,0.0,0,0,0,0.0,0.0
No Record,XXXXXXXX,06:27:00,0.0,0.0,0,0.0,0.0,0,0,0,0.0,0.0
No Record,XXXXXXXX,06:28:00,0.0,0.0,0,0.0,0.0,0,0,0,0.0,0.0
No Record,XXXXXXXX,06:29:00,0.0,0.0,0,0.0,0.0,0,0,0,0.0,0.0
No Record,XXXXXXXX,06:30:00,0.0,0.0,0,0.0,0.0,0,0,0,0.0,0.0
No Record,XXXXXXXX,06:31:00,0.0,0.0,0,0.0,0.0,0,0,0,0.0,0.0
No Record,XXXXXXXX,06:32:00,0.0,0.0,0,0.0,0.0,0,0,0,0.0,0.0
No Record,XXXXXXXX,06:33:00,0.0,0.0,0,0.0,0.0,0,0,0,0.0,0.0
No Record,XXXXXXXX,06:34:00,0.0,0.0,0,0.0,0.0,0,0,0,0.0,0.0
No Record,XXXXXXXX,06:35:00,0.0,0.0,0,0.0,0.0,0,0,0,0.0,0.0
No Record,XXXXXXXX,06:36:00,0.0,0.0,0,0.0,0.0,0,0,0,0.0,0.0
No Record,XXXXXXXX,06:37:00,0.0,0.0,0,0.0,0.0,0,0,0,0.0,0.0
No Record,XXXXXXXX,06:38:00,0.0,0.0,0,0.0,0.0,0,0,0,0.0,0.0
No Record,XXXXXXXX,06:39:00,0.0,0.0,0,0.0,0.0,0,0,0,0.0,0.0
No Record,XXXXXXXX,06:40:00,0.0,0.0,0,0.0,0.0,0,0,0,0.0,0.0
No Record,XXXXXXXX,06:41:00,0.0,0.0,0,0.0,0.0,0,0,0,0.0,0.0
No Record,XXXXXXXX,06:42:00,0.0,0.0,0,0.0,0.0,0,0,0,0.0,0.0
No Record,XXXXXXXX,06:43:00,0.0,0.0,0,0.0,0.0,0,0,0,0.0,0.0
No Record,XXXXXXXX,06:44:00,0.0,0.0,0,0.0,0.0,0,0,0,0.0,0.0
No Record,XXXXXXXX,06:45:00,0.0,0.0,0,0.0,0.0,0,0,0,0.0,0.0
No Record,XXXXXXXX,06:46:00,0.0,0.0,0,0.0,0.0,0,0,0,0.0,0.0
No Record,XXXXXXXX,06:47:00,0.0,0.0,0,0.0,0.0,0,0,0,0.0,0.0
No Record,XXXXXXXX,06:48:00,0.0,0.0,0,0.0,0.0,0,0,0,0.0,0.0
No Record,XXXXXXXX,06:49:00,0.0,0.0,0,0.0,0.0,0,0,0,0.0,0.0
No Record,XXXXXXXX,06:50:00,0.0,0.0,0,0.0,0.0,0,0,0,0.0,0.0
No Record,XXXXXXXX,06:51:00,0.0,0.0,0,0.0,0.0,0,0,0,0.0,0.0
No Record,XXXXXXXX,06:52:00,0.0,0.0,0,0.0,0.0,0,0,0,0.0,0.0
No Record,XXXXXXXX,06:53:00,0.0,0.0,0,0.0,0.0,0,0,0,0.0,0.0
No Record,XXXXXXXX,06:54:01,0.0,0.0,0,0.0,0.0,0,0,0,0.0,0.0
No Record,XXXXXXXX,06:55:00,0.0,0.0,0,0.0,0.0,0,0,0,0.0,0.0
No Record,XXXXXXXX,06:56:00,0.0,0.0,0,0.0,0.0,0,0,0,0.0,0.0
No Record,XXXXXXXX,06:57:00,0.0,0.0,0,0.0,0.0,0,0,0,0.0,0.0
No Record,XXXXXXXX,06:58:00,0.0,0.0,0,0.0,0.0,0,0,0,0.0,0.0
No Record,XXXXXXXX,06:59:00,0.0,0.0,0,0.0,0.0,0,0,0,0.0,0.0
No Record,XXXXXXXX,07:00:00,0.0,0.0,0,0.0,0.0,0,0,0,0.0,0.0
No Record,XXXXXXXX,07:01:00,0.0,0.0,0,0.0,0.0,0,0,0,0.0,0.0
No Record,XXXXXXXX,07:02:00,0.0,0.0,0,0.0,0.0,0,0,0,0.0,0.0
No Record,XXXXXXXX,07:03:00,0.0,0.0,0,0.0,0.0,0,0,0,0.0,0.0
No Record,XXXXXXXX,07:04:00,0.0,0.0,0,0.0,0.0,0,0,0,0.0,0.0
No Record,XXXXXXXX,07:05:00,0.0,0.0,0,0.0,0.0,0,0,0,0.0,0.0
No Record,XXXXXXXX,07:06:00,0.0,0.0,0,0.0,0.0,0,0,0,0.0,0.0
No Record,XXXXXXXX,07:07:01,0.0,0.0,0,0.0,0.0,0,0,0,0.0,0.0
No Record,XXXXXXXX,07:08:01,0.0,0.0,0,0.0,0.0,0,0,0,0.0,0.0
No Record,XXXXXXXX,07:09:00,0.0,0.0,0,0.0,0.0,0,0,0,0.0,0.0
No Record,XXXXXXXX,07:10:00,0.0,0.0,0,0.0,0.0,0,0,0,0.0,0.0
No Record,XXXXXXXX,07:11:00,0.0,0.0,0,0.0,0.0,0,0,0,0.0,0.0
No Record,XXXXXXXX,07:12:00,0.0,0.0,0,0.0,0.0,0,0,0,0.0,0.0
No Record,XXXXXXXX,07:13:00,0.0,0.0,0,0.0,0.0,0,0,0,0.0,0.0
No Record,XXXXXXXX,07:14:00,0.0,0.0,0,0.0,0.0,0,0,0,0.0,0.0
No Record,XXXXXXXX,07:15:00,0.0,0.0,0,0.0,0.0,0,0,0,0.0,0.0
No Record,XXXXXXXX,07:16:00,0.0,0.0,0,0.0,0.0,0,0,0,0.0,0.0
No Record,XXXXXXXX,07:17:00,0.0,0.0,0,0.0,0.0,0,0,0,0.0,0.0
No Record,XXXXXXXX,07:18:00,0.0,0.0,0,0.0,0.0,0,0,0,0.0,0.0
No Record,XXXXXXXX,07:19:00,0.0,0.0,0,0.0,0.0,0,0,0,0.0,0.0
No Record,XXXXXXXX,07:20:00,0.0,0.0,0,0.0,0.0,0,0,0,0.0,0.0
No Record,XXXXXXXX,07:21:00,0.0,0.0,0,0.0,0.0,0,0,0,0.0,0.0
No Record,XXXXXXXX,07:22:00,0.0,0.0,0,0.0,0.0,0,0,0,0.0,0.0
No Record,XXXXXXXX,07:23:00,0.0,0.0,0,0.0,0.0,0,0,0,0.0,0.0
No Record,XXXXXXXX,07:24:00,0.0,0.0,0,0.0,0.0,0,0,0,0.0,0.0
No Record,XXXXXXXX,07:25:00,0.0,0.0,0,0.0,0.0,0,0,0,0.0,0.0
No Record,XXXXXXXX,07:26:00,0.0,0.0,0,0.0,0.0,0,0,0,0.0,0.0
No Record,XXXXXXXX,07:27:00,0.0,0.0,0,0.0,0.0,0,0,0,0.0,0.0
No Record,XXXXXXXX,07:28:00,0.0,0.0,0,0.0,0.0,0,0,0,0.0,0.0
No Record,XXXXXXXX,07:29:00,0.0,0.0,0,0.0,0.0,0,0,0,0.0,0.0
No Record,XXXXXXXX,07:30:00,0.0,0.0,0,0.0,0.0,0,0,0,0.0,0.0
No Record,XXXXXXXX,07:31:00,0.0,0.0,0,0.0,0.0,0,0,0,0.0,0.0
No Record,XXXXXXXX,07:32:00,0.0,0.0,0,0.0,0.0,0,0,0,0.0,0.0
No Record,XXXXXXXX,07:33:00,0.0,0.0,0,0.0,0.0,0,0,0,0.0,0.0
No Record,XXXXXXXX,07:34:00,0.0,0.0,0,0.0,0.0,0,0,0,0.0,0.0
No Record,XXXXXXXX,07:35:00,0.0,0.0,0,0.0,0.0,0,0,0,0.0,0.0
No Record,XXXXXXXX,07:36:00,0.0,0.0,0,0.0,0.0,0,0,0,0.0,0.0
No Record,XXXXXXXX,07:37:00,0.0,0.0,0,0.0,0.0,0,0,0,0.0,0.0
No Record,XXXXXXXX,07:38:00,0.0,0.0,0,0.0,0.0,0,0,0,0.0,0.0
No Record,XXXXXXXX,07:39:00,0.0,0.0,0,0.0,0.0,0,0,0,0.0,0.0
No Record,XXXXXXXX,07:40:00,0.0,0.0,0,0.0,0.0,0,0,0,0.0,0.0
No Record,XXXXXXXX,07:41:00,0.0,0.0,0,0.0,0.0,0,0,0,0.0,0.0
No Record,XXXXXXXX,07:42:00,0.0,0.0,0,0.0,0.0,0,0,0,0.0,0.0
No Record,XXXXXXXX,07:43:00,0.0,0.0,0,0.0,0.0,0,0,0,0.0,0.0
No Record,XXXXXXXX,07:44:00,0.0,0.0,0,0.0,0.0,0,0,0,0.0,0.0
No Record,XXXXXXXX,07:45:00,0.0,0.0,0,0.0,0.0,0,0,0,0.0,0.0
No Record,XXXXXXXX,07:46:00,0.0,0.0,0,0.0,0.0,0,0,0,0.0,0.0
No Record,XXXXXXXX,07:47:00,0.0,0.0,0,0.0,0.0,0,0,0,0.0,0.0
No Record,XXXXXXXX,07:48:01,0.0,0.0,0,0.0,0.0,0,0,0,0.0,0.0
No Record,XXXXXXXX,07:49:00,0.0,0.0,0,0.0,0.0,0,0,0,0.0,0.0
No Record,XXXXXXXX,07:50:00,0.0,0.0,0,0.0,0.0,0,0,0,0.0,0.0
No Record,XXXXXXXX,07:51:00,0.0,0.0,0,0.0,0.0,0,0,0,0.0,0.0
No Record,XXXXXXXX,07:52:00,0.0,0.0,0,0.0,0.0,0,0,0,0.0,0.0
No Record,XXXXXXXX,07:53:00,0.0,0.0,0,0.0,0.0,0,0,0,0.0,0.0
No Record,XXXXXXXX,07:54:01,0.0,0.0,0,0.0,0.0,0,0,0,0.0,0.0
No Record,XXXXXXXX,07:55:00,0.0,0.0,0,0.0,0.0,0,0,0,0.0,0.0
No Record,XXXXXXXX,07:56:00,0.0,0.0,0,0.0,0.0,0,0,0,0.0,0.0
No Record,XXXXXXXX,07:57:00,0.0,0.0,0,0.0,0.0,0,0,0,0.0,0.0
No Record,XXXXXXXX,07:58:00,0.0,0.0,0,0.0,0.0,0,0,0,0.0,0.0
No Record,XXXXXXXX,07:59:00,0.0,0.0,0,0.0,0.0,0,0,0,0.0,0.0
No Record,XXXXXXXX,08:00:00,0.0,0.0,0,0.0,0.0,0,0,0,0.0,0.0
No Record,XXXXXXXX,08:01:00,0.0,0.0,0,0.0,0.0,0,0,0,0.0,0.0
No Record,XXXXXXXX,08:02:00,0.0,0.0,0,0.0,0.0,0,0,0,0.0,0.0
No Record,XXXXXXXX,08:03:00,0.0,0.0,0,0.0,0.0,0,0,0,0.0,0.0
No Record,XXXXXXXX,08:04:00,0.0,0.0,0,0.0,0.0,0,0,0,0.0,0.0
No Record,XXXXXXXX,08:05:00,0.0,0.0,0,0.0,0.0,0,0,0,0.0,0.0
No Record,XXXXXXXX,08:06:00,0.0,0.0,0,0.0,0.0,0,0,0,0.0,0.0
No Record,XXXXXXXX,08:07:00,0.0,0.0,0,0.0,0.0,0,0,0,0.0,0.0
No Record,XXXXXXXX,08:08:00,0.0,0.0,0,0.0,0.0,0,0,0,0.0,0.0
No Record,XXXXXXXX,08:09:00,0.0,0.0,0,0.0,0.0,0,0,0,0.0,0.0
No Record,XXXXXXXX,08:10:00,0.0,0.0,0,0.0,0.0,0,0,0,0.0,0.0
No Record,XXXXXXXX,08:11:00,0.0,0.0,0,0.0,0.0,0,0,0,0.0,0.0
No Record,XXXXXXXX,08:12:00,0.0,0.0,0,0.0,0.0,0,0,0,0.0,0.0
No Record,XXXXXXXX,08:13:00,0.0,0.0,0,0.0,0.0,0,0,0,0.0,0.0
No Record,XXXXXXXX,08:14:00,0.0,0.0,0,0.0,0.0,0,0,0,0.0,0.0
No Record,XXXXXXXX,08:15:00,0.0,0.0,0,0.0,0.0,0,0,0,0.0,0.0
No Record,XXXXXXXX,08:16:00,0.0,0.0,0,0.0,0.0,0,0,0,0.0,0.0
No Record,XXXXXXXX,08:17:00,0.0,0.0,0,0.0,0.0,0,0,0,0.0,0.0
No Record,XXXXXXXX,08:18:00,0.0,0.0,0,0.0,0.0,0,0,0,0.0,0.0
No Record,XXXXXXXX,08:19:00,0.0,0.0,0,0.0,0.0,0,0,0,0.0,0.0
No Record,XXXXXXXX,08:20:00,0.0,0.0,0,0.0,0.0,0,0,0,0.0,0.0
No Record,XXXXXXXX,08:21:00,0.0,0.0,0,0.0,0.0,0,0,0,0.0,0.0
No Record,XXXXXXXX,08:22:00,0.0,0.0,0,0.0,0.0,0,0,0,0.0,0.0
No Record,XXXXXXXX,08:23:00,0.0,0.0,0,0.0,0.0,0,0,0,0.0,0.0
No Record,XXXXXXXX,08:24:00,0.0,0.0,0,0.0,0.0,0,0,0,0.0,0.0
No Record,XXXXXXXX,08:25:00,0.0,0.0,0,0.0,0.0,0,0,0,0.0,0.0
No Record,XXXXXXXX,08:26:00,0.0,0.0,0,0.0,0.0,0,0,0,0.0,0.0
No Record,XXXXXXXX,08:27:00,0.0,0.0,0,0.0,0.0,0,0,0,0.0,0.0
No Record,XXXXXXXX,08:28:00,0.0,0.0,0,0.0,0.0,0,0,0,0.0,0.0
No Record,XXXXXXXX,08:29:00,0.0,0.0,0,0.0,0.0,0,0,0,0.0,0.0
No Record,XXXXXXXX,08:30:00,0.0,0.0,0,0.0,0.0,0,0,0,0.0,0.0
No Record,XXXXXXXX,08:31:00,0.0,0.0,0,0.0,0.0,0,0,0,0.0,0.0
No Record,XXXXXXXX,08:32:00,0.0,0.0,0,0.0,0.0,0,0,0,0.0,0.0
No Record,XXXXXXXX,08:33:00,0.0,0.0,0,0.0,0.0,0,0,0,0.0,0.0
No Record,XXXXXXXX,08:34:00,0.0,0.0,0,0.0,0.0,0,0,0,0.0,0.0
No Record,XXXXXXXX,08:35:00,0.0,0.0,0,0.0,0.0,0,0,0,0.0,0.0
No Record,XXXXXXXX,08:36:00,0.0,0.0,0,0.0,0.0,0,0,0,0.0,0.0
No Record,XXXXXXXX,08:37:00,0.0,0.0,0,0.0,0.0,0,0,0,0.0,0.0
No Record,XXXXXXXX,08:38:00,0.0,0.0,0,0.0,0.0,0,0,0,0.0,0.0
No Record,XXXXXXXX,08:39:00,0.0,0.0,0,0.0,0.0,0,0,0,0.0,0.0
No Record,XXXXXXXX,08:40:00,0.0,0.0,0,0.0,0.0,0,0,0,0.0,0.0
No Record,XXXXXXXX,08:41:00,0.0,0.0,0,0.0,0.0,0,0,0,0.0,0.0
No Record,XXXXXXXX,08:42:00,0.0,0.0,0,0.0,0.0,0,0,0,0.0,0.0
No Record,XXXXXXXX,08:43:00,0.0,0.0,0,0.0,0.0,0,0,0,0.0,0.0
No Record,XXXXXXXX,08:44:00,0.0,0.0,0,0.0,0.0,0,0,0,0.0,0.0
No Record,XXXXXXXX,08:45:00,0.0,0.0,0,0.0,0.0,0,0,0,0.0,0.0
No Record,XXXXXXXX,08:46:00,0.0,0.0,0,0.0,0.0,0,0,0,0.0,0.0
No Record,XXXXXXXX,08:47:00,0.0,0.0,0,0.0,0.0,0,0,0,0.0,0.0
No Record,XXXXXXXX,08:48:00,0.0,0.0,0,0.0,0.0,0,0,0,0.0,0.0
No Record,XXXXXXXX,08:49:00,0.0,0.0,0,0.0,0.0,0,0,0,0.0,0.0
No Record,XXXXXXXX,08:50:00,0.0,0.0,0,0.0,0.0,0,0,0,0.0,0.0
No Record,XXXXXXXX,08:51:00,0.0,0.0,0,0.0,0.0,0,0,0,0.0,0.0
No Record,XXXXXXXX,08:52:00,0.0,0.0,0,0.0,0.0,0,0,0,0.0,0.0
No Record,XXXXXXXX,08:53:00,0.0,0.0,0,0.0,0.0,0,0,0,0.0,0.0
No Record,XXXXXXXX,08:54:00,0.0,0.0,0,0.0,0.0,0,0,0,0.0,0.0
No Record,XXXXXXXX,08:55:00,0.0,0.0,0,0.0,0.0,0,0,0,0.0,0.0
No Record,XXXXXXXX,08:56:00,0.0,0.0,0,0.0,0.0,0,0,0,0.0,0.0
No Record,XXXXXXXX,08:57:00,0.0,0.0,0,0.0,0.0,0,0,0,0.0,0.0
No Record,XXXXXXXX,08:58:00,0.0,0.0,0,0.0,0.0,0,0,0,0.0,0.0
No Record,XXXXXXXX,08:59:00,0.0,0.0,0,0.0,0.0,0,0,0,0.0,0.0
No Record,XXXXXXXX,09:00:01,0.0,0.0,0,0.0,0.0,0,0,0,0.0,0.0
No Record,XXXXXXXX,09:01:00,0.0,0.0,0,0.0,0.0,0,0,0,0.0,0.0
No Record,XXXXXXXX,09:02:00,0.0,0.0,0,0.0,0.0,0,0,0,0.0,0.0
No Record,XXXXXXXX,09:03:00,0.0,0.0,0,0.0,0.0,0,0,0,0.0,0.0
No Record,XXXXXXXX,09:04:00,0.0,0.0,0,0.0,0.0,0,0,0,0.0,0.0
No Record,XXXXXXXX,09:05:00,0.0,0.0,0,0.0,0.0,0,0,0,0.0,0.0
No Record,XXXXXXXX,09:06:00,0.0,0.0,0,0.0,0.0,0,0,0,0.0,0.0
No Record,XXXXXXXX,09:07:00,0.0,0.0,0,0.0,0.0,0,0,0,0.0,0.0
No Record,XXXXXXXX,09:08:00,0.0,0.0,0,0.0,0.0,0,0,0,0.0,0.0
No Record,XXXXXXXX,09:09:00,0.0,0.0,0,0.0,0.0,0,0,0,0.0,0.0
No Record,XXXXXXXX,09:10:00,0.0,0.0,0,0.0,0.0,0,0,0,0.0,0.0
No Record,XXXXXXXX,09:11:00,0.0,0.0,0,0.0,0.0,0,0,0,0.0,0.0
No Record,XXXXXXXX,09:12:00,0.0,0.0,0,0.0,0.0,0,0,0,0.0,0.0
No Record,XXXXXXXX,09:13:00,0.0,0.0,0,0.0,0.0,0,0,0,0.0,0.0
No Record,XXXXXXXX,09:14:00,0.0,0.0,0,0.0,0.0,0,0,0,0.0,0.0
No Record,XXXXXXXX,09:15:01,0.0,0.0,0,0.0,0.0,0,0,0,0.0,0.0
No Record,XXXXXXXX,09:16:00,0.0,0.0,0,0.0,0.0,0,0,0,0.0,0.0
No Record,XXXXXXXX,09:17:00,0.0,0.0,0,0.0,0.0,0,0,0,0.0,0.0
No Record,XXXXXXXX,09:18:00,0.0,0.0,0,0.0,0.0,0,0,0,0.0,0.0
No Record,XXXXXXXX,09:19:00,0.0,0.0,0,0.0,0.0,0,0,0,0.0,0.0
No Record,XXXXXXXX,09:20:00,0.0,0.0,0,0.0,0.0,0,0,0,0.0,0.0
No Record,XXXXXXXX,09:21:00,0.0,0.0,0,0.0,0.0,0,0,0,0.0,0.0
No Record,XXXXXXXX,09:22:00,0.0,0.0,0,0.0,0.0,0,0,0,0.0,0.0
No Record,XXXXXXXX,09:23:00,0.0,0.0,0,0.0,0.0,0,0,0,0.0,0.0
No Record,XXXXXXXX,09:24:00,0.0,0.0,0,0.0,0.0,0,0,0,0.0,0.0
No Record,XXXXXXXX,09:25:00,0.0,0.0,0,0.0,0.0,0,0,0,0.0,0.0
No Record,XXXXXXXX,09:26:00,0.0,0.0,0,0.0,0.0,0,0,0,0.0,0.0
No Record,XXXXXXXX,09:27:00,0.0,0.0,0,0.0,0.0,0,0,0,0.0,0.0
No Record,XXXXXXXX,09:28:00,0.0,0.0,0,0.0,0.0,0,0,0,0.0,0.0
No Record,XXXXXXXX,09:29:00,0.0,0.0,0,0.0,0.0,0,0,0,0.0,0.0
No Record,XXXXXXXX,09:30:00,0.0,0.0,0,0.0,0.0,0,0,0,0.0,0.0
No Record,XXXXXXXX,09:31:00,0.0,0.0,0,0.0,0.0,0,0,0,0.0,0.0
No Record,XXXXXXXX,09:32:00,0.0,0.0,0,0.0,0.0,0,0,0,0.0,0.0
No Record,XXXXXXXX,09:33:00,0.0,0.0,0,0.0,0.0,0,0,0,0.0,0.0
No Record,XXXXXXXX,09:34:00,0.0,0.0,0,0.0,0.0,0,0,0,0.0,0.0
No Record,XXXXXXXX,09:35:00,0.0,0.0,0,0.0,0.0,0,0,0,0.0,0.0
No Record,XXXXXXXX,09:36:00,0.0,0.0,0,0.0,0.0,0,0,0,0.0,0.0
No Record,XXXXXXXX,09:37:00,0.0,0.0,0,0.0,0.0,0,0,0,0.0,0.0
No Record,XXXXXXXX,09:38:00,0.0,0.0,0,0.0,0.0,0,0,0,0.0,0.0
No Record,XXXXXXXX,09:39:00,0.0,0.0,0,0.0,0.0,0,0,0,0.0,0.0
No Record,XXXXXXXX,09:40:00,0.0,0.0,0,0.0,0.0,0,0,0,0.0,0.0
No Record,XXXXXXXX,09:41:00,0.0,0.0,0,0.0,0.0,0,0,0,0.0,0.0
No Record,XXXXXXXX,09:42:00,0.0,0.0,0,0.0,0.0,0,0,0,0.0,0.0
No Record,XXXXXXXX,09:43:00,0.0,0.0,0,0.0,0.0,0,0,0,0.0,0.0
No Record,XXXXXXXX,09:44:01,0.0,0.0,0,0.0,0.0,0,0,0,0.0,0.0
No Record,XXXXXXXX,09:45:00,0.0,0.0,0,0.0,0.0,0,0,0,0.0,0.0
No Record,XXXXXXXX,09:46:00,0.0,0.0,0,0.0,0.0,0,0,0,0.0,0.0
No Record,XXXXXXXX,09:47:00,0.0,0.0,0,0.0,0.0,0,0,0,0.0,0.0
No Record,XXXXXXXX,09:48:00,0.0,0.0,0,0.0,0.0,0,0,0,0.0,0.0
No Record,XXXXXXXX,09:49:00,0.0,0.0,0,0.0,0.0,0,0,0,0.0,0.0
No Record,XXXXXXXX,09:50:00,0.0,0.0,0,0.0,0.0,0,0,0,0.0,0.0
No Record,XXXXXXXX,09:51:00,0.0,0.0,0,0.0,0.0,0,0,0,0.0,0.0
No Record,XXXXXXXX,09:52:00,0.0,0.0,0,0.0,0.0,0,0,0,0.0,0.0
No Record,XXXXXXXX,09:53:00,0.0,0.0,0,0.0,0.0,0,0,0,0.0,0.0
No Record,XXXXXXXX,09:54:00,0.0,0.0,0,0.0,0.0,0,0,0,0.0,0.0
No Record,XXXXXXXX,09:55:00,0.0,0.0,0,0.0,0.0,0,0,0,0.0,0.0
No Record,XXXXXXXX,09:56:00,0.0,0.0,0,0.0,0.0,0,0,0,0.0,0.0
No Record,XXXXXXXX,09:57:00,0.0,0.0,0,0.0,0.0,0,0,0,0.0,0.0
No Record,XXXXXXXX,09:58:00,0.0,0.0,0,0.0,0.0,0,0,0,0.0,0.0
No Record,XXXXXXXX,09:59:00,0.0,0.0,0,0.0,0.0,0,0,0,0.0,0.0
No Record,XXXXXXXX,10:00:00,0.0,0.0,0,0.0,0.0,0,0,0,0.0,0.0
No Record,XXXXXXXX,10:01:00,0.0,0.0,0,0.0,0.0,0,0,0,0.0,0.0
No Record,XXXXXXXX,10:02:00,0.0,0.0,0,0.0,0.0,0,0,0,0.0,0.0
No Record,XXXXXXXX,10:03:00,0.0,0.0,0,0.0,0.0,0,0,0,0.0,0.0
No Record,XXXXXXXX,10:04:00,0.0,0.0,0,0.0,0.0,0,0,0,0.0,0.0
No Record,XXXXXXXX,10:05:00,0.0,0.0,0,0.0,0.0,0,0,0,0.0,0.0
No Record,XXXXXXXX,10:06:00,0.0,0.0,0,0.0,0.0,0,0,0,0.0,0.0
No Record,XXXXXXXX,10:07:00,0.0,0.0,0,0.0,0.0,0,0,0,0.0,0.0
No Record,XXXXXXXX,10:08:00,0.0,0.0,0,0.0,0.0,0,0,0,0.0,0.0
No Record,XXXXXXXX,10:09:00,0.0,0.0,0,0.0,0.0,0,0,0,0.0,0.0
No Record,XXXXXXXX,10:10:00,0.0,0.0,0,0.0,0.0,0,0,0,0.0,0.0
No Record,XXXXXXXX,10:11:00,0.0,0.0,0,0.0,0.0,0,0,0,0.0,0.0
No Record,XXXXXXXX,10:12:00,0.0,0.0,0,0.0,0.0,0,0,0,0.0,0.0
No Record,XXXXXXXX,10:13:00,0.0,0.0,0,0.0,0.0,0,0,0,0.0,0.0
No Record,XXXXXXXX,10:14:00,0.0,0.0,0,0.0,0.0,0,0,0,0.0,0.0
No Record,XXXXXXXX,10:15:00,0.0,0.0,0,0.0,0.0,0,0,0,0.0,0.0
No Record,XXXXXXXX,10:16:00,0.0,0.0,0,0.0,0.0,0,0,0,0.0,0.0
No Record,XXXXXXXX,10:17:00,0.0,0.0,0,0.0,0.0,0,0,0,0.0,0.0
No Record,XXXXXXXX,10:18:00,0.0,0.0,0,0.0,0.0,0,0,0,0.0,0.0
No Record,XXXXXXXX,10:19:00,0.0,0.0,0,0.0,0.0,0,0,0,0.0,0.0
No Record,XXXXXXXX,10:20:00,0.0,0.0,0,0.0,0.0,0,0,0,0.0,0.0
No Record,XXXXXXXX,10:21:00,0.0,0.0,0,0.0,0.0,0,0,0,0.0,0.0
No Record,XXXXXXXX,10:22:00,0.0,0.0,0,0.0,0.0,0,0,0,0.0,0.0
No Record,XXXXXXXX,10:23:00,0.0,0.0,0,0.0,0.0,0,0,0,0.0,0.0
No Record,XXXXXXXX,10:24:00,0.0,0.0,0,0.0,0.0,0,0,0,0.0,0.0
No Record,XXXXXXXX,10:25:00,0.0,0.0,0,0.0,0.0,0,0,0,0.0,0.0
No Record,XXXXXXXX,10:26:00,0.0,0.0,0,0.0,0.0,0,0,0,0.0,0.0
No Record,XXXXXXXX,10:27:00,0.0,0.0,0,0.0,0.0,0,0,0,0.0,0.0
No Record,XXXXXXXX,10:28:00,0.0,0.0,0,0.0,0.0,0,0,0,0.0,0.0
No Record,XXXXXXXX,10:29:00,0.0,0.0,0,0.0,0.0,0,0,0,0.0,0.0
No Record,XXXXXXXX,10:30:00,0.0,0.0,0,0.0,0.0,0,0,0,0.0,0.0
No Record,XXXXXXXX,10:31:00,0.0,0.0,0,0.0,0.0,0,0,0,0.0,0.0
No Record,XXXXXXXX,10:32:00,0.0,0.0,0,0.0,0.0,0,0,0,0.0,0.0
No Record,XXXXXXXX,10:33:00,0.0,0.0,0,0.0,0.0,0,0,0,0.0,0.0
No Record,XXXXXXXX,10:34:00,0.0,0.0,0,0.0,0.0,0,0,0,0.0,0.0
No Record,XXXXXXXX,10:35:00,0.0,0.0,0,0.0,0.0,0,0,0,0.0,0.0
No Record,XXXXXXXX,10:36:00,0.0,0.0,0,0.0,0.0,0,0,0,0.0,0.0
No Record,XXXXXXXX,10:37:00,0.0,0.0,0,0.0,0.0,0,0,0,0.0,0.0
No Record,XXXXXXXX,10:38:00,0.0,0.0,0,0.0,0.0,0,0,0,0.0,0.0
No Record,XXXXXXXX,10:39:01,0.0,0.0,0,0.0,0.0,0,0,0,0.0,0.0
No Record,XXXXXXXX,10:40:00,0.0,0.0,0,0.0,0.0,0,0,0,0.0,0.0
No Record,XXXXXXXX,10:41:00,0.0,0.0,0,0.0,0.0,0,0,0,0.0,0.0
No Record,XXXXXXXX,10:42:00,0.0,0.0,0,0.0,0.0,0,0,0,0.0,0.0
No Record,XXXXXXXX,10:43:00,0.0,0.0,0,0.0,0.0,0,0,0,0.0,0.0
No Record,XXXXXXXX,10:44:00,0.0,0.0,0,0.0,0.0,0,0,0,0.0,0.0
No Record,XXXXXXXX,10:45:00,0.0,0.0,0,0.0,0.0,0,0,0,0.0,0.0
No Record,XXXXXXXX,10:46:00,0.0,0.0,0,0.0,0.0,0,0,0,0.0,0.0
No Record,XXXXXXXX,10:47:01,0.0,0.0,0,0.0,0.0,0,0,0,0.0,0.0
No Record,XXXXXXXX,10:48:00,0.0,0.0,0,0.0,0.0,0,0,0,0.0,0.0
No Record,XXXXXXXX,10:49:00,0.0,0.0,0,0.0,0.0,0,0,0,0.0,0.0
No Record,XXXXXXXX,10:50:00,0.0,0.0,0,0.0,0.0,0,0,0,0.0,0.0
No Record,XXXXXXXX,10:51:00,0.0,0.0,0,0.0,0.0,0,0,0,0.0,0.0
No Record,XXXXXXXX,10:52:00,0.0,0.0,0,0.0,0.0,0,0,0,0.0,0.0
No Record,XXXXXXXX,10:53:00,0.0,0.0,0,0.0,0.0,0,0,0,0.0,0.0
No Record,XXXXXXXX,10:54:00,0.0,0.0,0,0.0,0.0,0,0,0,0.0,0.0
No Record,XXXXXXXX,10:55:00,0.0,0.0,0,0.0,0.0,0,0,0,0.0,0.0
No Record,XXXXXXXX,10:56:00,0.0,0.0,0,0.0,0.0,0,0,0,0.0,0.0
No Record,XXXXXXXX,10:57:00,0.0,0.0,0,0.0,0.0,0,0,0,0.0,0.0
No Record,XXXXXXXX,10:58:00,0.0,0.0,0,0.0,0.0,0,0,0,0.0,0.0
No Record,XXXXXXXX,10:59:00,0.0,0.0,0,0.0,0.0,0,0,0,0.0,0.0
No Record,XXXXXXXX,11:00:00,0.0,0.0,0,0.0,0.0,0,0,0,0.0,0.0
No Record,XXXXXXXX,11:01:00,0.0,0.0,0,0.0,0.0,0,0,0,0.0,0.0
No Record,XXXXXXXX,11:02:00,0.0,0.0,0,0.0,0.0,0,0,0,0.0,0.0
No Record,XXXXXXXX,11:03:00,0.0,0.0,0,0.0,0.0,0,0,0,0.0,0.0
No Record,XXXXXXXX,11:04:00,0.0,0.0,0,0.0,0.0,0,0,0,0.0,0.0
No Record,XXXXXXXX,11:05:01,0.0,0.0,0,0.0,0.0,0,0,0,0.0,0.0
No Record,XXXXXXXX,11:06:00,0.0,0.0,0,0.0,0.0,0,0,0,0.0,0.0
No Record,XXXXXXXX,11:07:00,0.0,0.0,0,0.0,0.0,0,0,0,0.0,0.0
No Record,XXXXXXXX,11:08:00,0.0,0.0,0,0.0,0.0,0,0,0,0.0,0.0
No Record,XXXXXXXX,11:09:00,0.0,0.0,0,0.0,0.0,0,0,0,0.0,0.0
No Record,XXXXXXXX,11:10:00,0.0,0.0,0,0.0,0.0,0,0,0,0.0,0.0
No Record,XXXXXXXX,11:11:00,0.0,0.0,0,0.0,0.0,0,0,0,0.0,0.0
No Record,XXXXXXXX,11:12:00,0.0,0.0,0,0.0,0.0,0,0,0,0.0,0.0
No Record,XXXXXXXX,11:13:00,0.0,0.0,0,0.0,0.0,0,0,0,0.0,0.0
No Record,XXXXXXXX,11:14:00,0.0,0.0,0,0.0,0.0,0,0,0,0.0,0.0
No Record,XXXXXXXX,11:15:00,0.0,0.0,0,0.0,0.0,0,0,0,0.0,0.0
No Record,XXXXXXXX,11:16:00,0.0,0.0,0,0.0,0.0,0,0,0,0.0,0.0
No Record,XXXXXXXX,11:17:00,0.0,0.0,0,0.0,0.0,0,0,0,0.0,0.0
No Record,XXXXXXXX,11:18:00,0.0,0.0,0,0.0,0.0,0,0,0,0.0,0.0
No Record,XXXXXXXX,11:19:00,0.0,0.0,0,0.0,0.0,0,0,0,0.0,0.0
No Record,XXXXXXXX,11:20:01,0.0,0.0,0,0.0,0.0,0,0,0,0.0,0.0
No Record,XXXXXXXX,11:21:00,0.0,0.0,0,0.0,0.0,0,0,0,0.0,0.0
No Record,XXXXXXXX,11:22:00,0.0,0.0,0,0.0,0.0,0,0,0,0.0,0.0
No Record,XXXXXXXX,11:23:00,0.0,0.0,0,0.0,0.0,0,0,0,0.0,0.0
No Record,XXXXXXXX,11:24:00,0.0,0.0,0,0.0,0.0,0,0,0,0.0,0.0
No Record,XXXXXXXX,11:25:00,0.0,0.0,0,0.0,0.0,0,0,0,0.0,0.0
No Record,XXXXXXXX,11:26:00,0.0,0.0,0,0.0,0.0,0,0,0,0.0,0.0
No Record,XXXXXXXX,11:27:00,0.0,0.0,0,0.0,0.0,0,0,0,0.0,0.0
No Record,XXXXXXXX,11:28:00,0.0,0.0,0,0.0,0.0,0,0,0,0.0,0.0
No Record,XXXXXXXX,11:29:00,0.0,0.0,0,0.0,0.0,0,0,0,0.0,0.0
No Record,XXXXXXXX,11:30:00,0.0,0.0,0,0.0,0.0,0,0,0,0.0,0.0
No Record,XXXXXXXX,11:31:00,0.0,0.0,0,0.0,0.0,0,0,0,0.0,0.0
No Record,XXXXXXXX,11:32:00,0.0,0.0,0,0.0,0.0,0,0,0,0.0,0.0
No Record,XXXXXXXX,11:33:00,0.0,0.0,0,0.0,0.0,0,0,0,0.0,0.0
No Record,XXXXXXXX,11:34:00,0.0,0.0,0,0.0,0.0,0,0,0,0.0,0.0
No Record,XXXXXXXX,11:35:00,0.0,0.0,0,0.0,0.0,0,0,0,0.0,0.0
No Record,XXXXXXXX,11:36:01,0.0,0.0,0,0.0,0.0,0,0,0,0.0,0.0
No Record,XXXXXXXX,11:37:00,0.0,0.0,0,0.0,0.0,0,0,0,0.0,0.0
No Record,XXXXXXXX,11:38:00,0.0,0.0,0,0.0,0.0,0,0,0,0.0,0.0
No Record,XXXXXXXX,11:39:00,0.0,0.0,0,0.0,0.0,0,0,0,0.0,0.0
No Record,XXXXXXXX,11:40:00,0.0,0.0,0,0.0,0.0,0,0,0,0.0,0.0
No Record,XXXXXXXX,11:41:00,0.0,0.0,0,0.0,0.0,0,0,0,0.0,0.0
No Record,XXXXXXXX,11:42:00,0.0,0.0,0,0.0,0.0,0,0,0,0.0,0.0
No Record,XXXXXXXX,11:43:00,0.0,0.0,0,0.0,0.0,0,0,0,0.0,0.0
No Record,XXXXXXXX,11:44:00,0.0,0.0,0,0.0,0.0,0,0,0,0.0,0.0
No Record,XXXXXXXX,11:45:00,0.0,0.0,0,0.0,0.0,0,0,0,0.0,0.0
No Record,XXXXXXXX,11:46:00,0.0,0.0,0,0.0,0.0,0,0,0,0.0,0.0
No Record,XXXXXXXX,11:47:00,0.0,0.0,0,0.0,0.0,0,0,0,0.0,0.0
No Record,XXXXXXXX,11:48:00,0.0,0.0,0,0.0,0.0,0,0,0,0.0,0.0
No Record,XXXXXXXX,11:49:00,0.0,0.0,0,0.0,0.0,0,0,0,0.0,0.0
No Record,XXXXXXXX,11:50:00,0.0,0.0,0,0.0,0.0,0,0,0,0.0,0.0
No Record,XXXXXXXX,11:51:00,0.0,0.0,0,0.0,0.0,0,0,0,0.0,0.0
No Record,XXXXXXXX,11:52:00,0.0,0.0,0,0.0,0.0,0,0,0,0.0,0.0
No Record,XXXXXXXX,11:53:00,0.0,0.0,0,0.0,0.0,0,0,0,0.0,0.0
No Record,XXXXXXXX,11:54:00,0.0,0.0,0,0.0,0.0,0,0,0,0.0,0.0
No Record,XXXXXXXX,11:55:00,0.0,0.0,0,0.0,0.0,0,0,0,0.0,0.0
No Record,XXXXXXXX,11:56:00,0.0,0.0,0,0.0,0.0,0,0,0,0.0,0.0
No Record,XXXXXXXX,11:57:00,0.0,0.0,0,0.0,0.0,0,0,0,0.0,0.0
No Record,XXXXXXXX,11:58:00,0.0,0.0,0,0.0,0.0,0,0,0,0.0,0.0
No Record,XXXXXXXX,11:59:01,0.0,0.0,0,0.0,0.0,0,0,0,0.0,0.0
No Record,XXXXXXXX,12:00:00,0.0,0.0,0,0.0,0.0,0,0,0,0.0,0.0
No Record,XXXXXXXX,12:01:00,0.0,0.0,0,0.0,0.0,0,0,0,0.0,0.0
No Record,XXXXXXXX,12:02:00,0.0,0.0,0,0.0,0.0,0,0,0,0.0,0.0
No Record,XXXXXXXX,12:03:00,0.0,0.0,0,0.0,0.0,0,0,0,0.0,0.0
No Record,XXXXXXXX,12:04:00,0.0,0.0,0,0.0,0.0,0,0,0,0.0,0.0
No Record,XXXXXXXX,12:05:00,0.0,0.0,0,0.0,0.0,0,0,0,0.0,0.0
No Record,XXXXXXXX,12:06:00,0.0,0.0,0,0.0,0.0,0,0,0,0.0,0.0
No Record,XXXXXXXX,12:07:00,0.0,0.0,0,0.0,0.0,0,0,0,0.0,0.0
No Record,XXXXXXXX,12:08:00,0.0,0.0,0,0.0,0.0,0,0,0,0.0,0.0
No Record,XXXXXXXX,12:09:00,0.0,0.0,0,0.0,0.0,0,0,0,0.0,0.0
No Record,XXXXXXXX,12:10:00,0.0,0.0,0,0.0,0.0,0,0,0,0.0,0.0
No Record,XXXXXXXX,12:11:00,0.0,0.0,0,0.0,0.0,0,0,0,0.0,0.0
No Record,XXXXXXXX,12:12:00,0.0,0.0,0,0.0,0.0,0,0,0,0.0,0.0
No Record,XXXXXXXX,12:13:00,0.0,0.0,0,0.0,0.0,0,0,0,0.0,0.0
No Record,XXXXXXXX,12:14:00,0.0,0.0,0,0.0,0.0,0,0,0,0.0,0.0
No Record,XXXXXXXX,12:15:00,0.0,0.0,0,0.0,0.0,0,0,0,0.0,0.0
No Record,XXXXXXXX,12:16:00,0.0,0.0,0,0.0,0.0,0,0,0,0.0,0.0
No Record,XXXXXXXX,12:17:00,0.0,0.0,0,0.0,0.0,0,0,0,0.0,0.0
No Record,XXXXXXXX,12:18:00,0.0,0.0,0,0.0,0.0,0,0,0,0.0,0.0
No Record,XXXXXXXX,12:19:00,0.0,0.0,0,0.0,0.0,0,0,0,0.0,0.0
No Record,XXXXXXXX,12:20:00,0.0,0.0,0,0.0,0.0,0,0,0,0.0,0.0
No Record,XXXXXXXX,12:21:00,0.0,0.0,0,0.0,0.0,0,0,0,0.0,0.0
No Record,XXXXXXXX,12:22:00,0.0,0.0,0,0.0,0.0,0,0,0,0.0,0.0
No Record,XXXXXXXX,12:23:00,0.0,0.0,0,0.0,0.0,0,0,0,0.0,0.0
No Record,XXXXXXXX,12:24:00,0.0,0.0,0,0.0,0.0,0,0,0,0.0,0.0
No Record,XXXXXXXX,12:25:00,0.0,0.0,0,0.0,0.0,0,0,0,0.0,0.0
No Record,XXXXXXXX,12:26:00,0.0,0.0,0,0.0,0.0,0,0,0,0.0,0.0
No Record,XXXXXXXX,12:27:00,0.0,0.0,0,0.0,0.0,0,0,0,0.0,0.0
No Record,XXXXXXXX,12:28:00,0.0,0.0,0,0.0,0.0,0,0,0,0.0,0.0
No Record,XXXXXXXX,12:29:00,0.0,0.0,0,0.0,0.0,0,0,0,0.0,0.0
No Record,XXXXXXXX,12:30:00,0.0,0.0,0,0.0,0.0,0,0,0,0.0,0.0
No Record,XXXXXXXX,12:31:00,0.0,0.0,0,0.0,0.0,0,0,0,0.0,0.0
No Record,XXXXXXXX,12:32:00,0.0,0.0,0,0.0,0.0,0,0,0,0.0,0.0
No Record,XXXXXXXX,12:33:00,0.0,0.0,0,0.0,0.0,0,0,0,0.0,0.0
No Record,XXXXXXXX,12:34:00,0.0,0.0,0,0.0,0.0,0,0,0,0.0,0.0
No Record,XXXXXXXX,12:35:00,0.0,0.0,0,0.0,0.0,0,0,0,0.0,0.0
No Record,XXXXXXXX,12:36:00,0.0,0.0,0,0.0,0.0,0,0,0,0.0,0.0
No Record,XXXXXXXX,12:37:00,0.0,0.0,0,0.0,0.0,0,0,0,0.0,0.0
No Record,XXXXXXXX,12:38:00,0.0,0.0,0,0.0,0.0,0,0,0,0.0,0.0
No Record,XXXXXXXX,12:39:00,0.0,0.0,0,0.0,0.0,0,0,0,0.0,0.0
No Record,XXXXXXXX,12:40:00,0.0,0.0,0,0.0,0.0,0,0,0,0.0,0.0
No Record,XXXXXXXX,12:41:00,0.0,0.0,0,0.0,0.0,0,0,0,0.0,0.0
No Record,XXXXXXXX,12:42:00,0.0,0.0,0,0.0,0.0,0,0,0,0.0,0.0
No Record,XXXXXXXX,12:43:00,0.0,0.0,0,0.0,0.0,0,0,0,0.0,0.0
No Record,XXXXXXXX,12:44:00,0.0,0.0,0,0.0,0.0,0,0,0,0.0,0.0
No Record,XXXXXXXX,12:45:00,0.0,0.0,0,0.0,0.0,0,0,0,0.0,0.0
No Record,XXXXXXXX,12:46:00,0.0,0.0,0,0.0,0.0,0,0,0,0.0,0.0
No Record,XXXXXXXX,12:47:00,0.0,0.0,0,0.0,0.0,0,0,0,0.0,0.0
No Record,XXXXXXXX,12:48:00,0.0,0.0,0,0.0,0.0,0,0,0,0.0,0.0
No Record,XXXXXXXX,12:49:00,0.0,0.0,0,0.0,0.0,0,0,0,0.0,0.0
No Record,XXXXXXXX,12:50:00,0.0,0.0,0,0.0,0.0,0,0,0,0.0,0.0
No Record,XXXXXXXX,12:51:00,0.0,0.0,0,0.0,0.0,0,0,0,0.0,0.0
No Record,XXXXXXXX,12:52:00,0.0,0.0,0,0.0,0.0,0,0,0,0.0,0.0
No Record,XXXXXXXX,12:53:00,0.0,0.0,0,0.0,0.0,0,0,0,0.0,0.0
No Record,XXXXXXXX,12:54:00,0.0,0.0,0,0.0,0.0,0,0,0,0.0,0.0
No Record,XXXXXXXX,12:55:00,0.0,0.0,0,0.0,0.0,0,0,0,0.0,0.0
No Record,XXXXXXXX,12:56:00,0.0,0.0,0,0.0,0.0,0,0,0,0.0,0.0
No Record,XXXXXXXX,12:57:00,0.0,0.0,0,0.0,0.0,0,0,0,0.0,0.0
No Record,XXXXXXXX,12:58:00,0.0,0.0,0,0.0,0.0,0,0,0,0.0,0.0
No Record,XXXXXXXX,12:59:00,0.0,0.0,0,0.0,0.0,0,0,0,0.0,0.0
No Record,XXXXXXXX,13:00:00,0.0,0.0,0,0.0,0.0,0,0,0,0.0,0.0
No Record,XXXXXXXX,13:01:00,0.0,0.0,0,0.0,0.0,0,0,0,0.0,0.0
No Record,XXXXXXXX,13:02:00,0.0,0.0,0,0.0,0.0,0,0,0,0.0,0.0
No Record,XXXXXXXX,13:03:00,0.0,0.0,0,0.0,0.0,0,0,0,0.0,0.0
No Record,XXXXXXXX,13:04:00,0.0,0.0,0,0.0,0.0,0,0,0,0.0,0.0
No Record,XXXXXXXX,13:05:00,0.0,0.0,0,0.0,0.0,0,0,0,0.0,0.0
No Record,XXXXXXXX,13:06:00,0.0,0.0,0,0.0,0.0,0,0,0,0.0,0.0
No Record,XXXXXXXX,13:07:00,0.0,0.0,0,0.0,0.0,0,0,0,0.0,0.0
No Record,XXXXXXXX,13:08:00,0.0,0.0,0,0.0,0.0,0,0,0,0.0,0.0
No Record,XXXXXXXX,13:09:00,0.0,0.0,0,0.0,0.0,0,0,0,0.0,0.0
No Record,XXXXXXXX,13:10:00,0.0,0.0,0,0.0,0.0,0,0,0,0.0,0.0
No Record,XXXXXXXX,13:11:00,0.0,0.0,0,0.0,0.0,0,0,0,0.0,0.0
No Record,XXXXXXXX,13:12:00,0.0,0.0,0,0.0,0.0,0,0,0,0.0,0.0
No Record,XXXXXXXX,13:13:00,0.0,0.0,0,0.0,0.0,0,0,0,0.0,0.0
No Record,XXXXXXXX,13:14:00,0.0,0.0,0,0.0,0.0,0,0,0,0.0,0.0
No Record,XXXXXXXX,13:15:00,0.0,0.0,0,0.0,0.0,0,0,0,0.0,0.0
No Record,XXXXXXXX,13:16:00,0.0,0.0,0,0.0,0.0,0,0,0,0.0,0.0
No Record,XXXXXXXX,13:17:00,0.0,0.0,0,0.0,0.0,0,0,0,0.0,0.0
No Record,XXXXXXXX,13:18:00,0.0,0.0,0,0.0,0.0,0,0,0,0.0,0.0
No Record,XXXXXXXX,13:19:00,0.0,0.0,0,0.0,0.0,0,0,0,0.0,0.0
No Record,XXXXXXXX,13:20:00,0.0,0.0,0,0.0,0.0,0,0,0,0.0,0.0
No Record,XXXXXXXX,13:21:00,0.0,0.0,0,0.0,0.0,0,0,0,0.0,0.0
No Record,XXXXXXXX,13:22:00,0.0,0.0,0,0.0,0.0,0,0,0,0.0,0.0
No Record,XXXXXXXX,13:23:00,0.0,0.0,0,0.0,0.0,0,0,0,0.0,0.0
No Record,XXXXXXXX,13:24:00,0.0,0.0,0,0.0,0.0,0,0,0,0.0,0.0
No Record,XXXXXXXX,13:25:00,0.0,0.0,0,0.0,0.0,0,0,0,0.0,0.0
No Record,XXXXXXXX,13:26:00,0.0,0.0,0,0.0,0.0,0,0,0,0.0,0.0
No Record,XXXXXXXX,13:27:00,0.0,0.0,0,0.0,0.0,0,0,0,0.0,0.0
No Record,XXXXXXXX,13:28:00,0.0,0.0,0,0.0,0.0,0,0,0,0.0,0.0
No Record,XXXXXXXX,13:29:00,0.0,0.0,0,0.0,0.0,0,0,0,0.0,0.0
No Record,XXXXXXXX,13:30:00,0.0,0.0,0,0.0,0.0,0,0,0,0.0,0.0
No Record,XXXXXXXX,13:31:00,0.0,0.0,0,0.0,0.0,0,0,0,0.0,0.0
No Record,XXXXXXXX,13:32:00,0.0,0.0,0,0.0,0.0,0,0,0,0.0,0.0
No Record,XXXXXXXX,13:33:00,0.0,0.0,0,0.0,0.0,0,0,0,0.0,0.0
No Record,XXXXXXXX,13:34:00,0.0,0.0,0,0.0,0.0,0,0,0,0.0,0.0
No Record,XXXXXXXX,13:35:00,0.0,0.0,0,0.0,0.0,0,0,0,0.0,0.0
No Record,XXXXXXXX,13:36:00,0.0,0.0,0,0.0,0.0,0,0,0,0.0,0.0
No Record,XXXXXXXX,13:37:00,0.0,0.0,0,0.0,0.0,0,0,0,0.0,0.0
No Record,XXXXXXXX,13:38:00,0.0,0.0,0,0.0,0.0,0,0,0,0.0,0.0
No Record,XXXXXXXX,13:39:00,0.0,0.0,0,0.0,0.0,0,0,0,0.0,0.0
No Record,XXXXXXXX,13:40:00,0.0,0.0,0,0.0,0.0,0,0,0,0.0,0.0
No Record,XXXXXXXX,13:41:00,0.0,0.0,0,0.0,0.0,0,0,0,0.0,0.0
No Record,XXXXXXXX,13:42:00,0.0,0.0,0,0.0,0.0,0,0,0,0.0,0.0
No Record,XXXXXXXX,13:43:00,0.0,0.0,0,0.0,0.0,0,0,0,0.0,0.0
No Record,XXXXXXXX,13:44:00,0.0,0.0,0,0.0,0.0,0,0,0,0.0,0.0
No Record,XXXXXXXX,13:45:00,0.0,0.0,0,0.0,0.0,0,0,0,0.0,0.0
No Record,XXXXXXXX,13:46:00,0.0,0.0,0,0.0,0.0,0,0,0,0.0,0.0
No Record,XXXXXXXX,13:47:00,0.0,0.0,0,0.0,0.0,0,0,0,0.0,0.0
No Record,XXXXXXXX,13:48:00,0.0,0.0,0,0.0,0.0,0,0,0,0.0,0.0
No Record,XXXXXXXX,13:49:00,0.0,0.0,0,0.0,0.0,0,0,0,0.0,0.0
No Record,XXXXXXXX,13:50:00,0.0,0.0,0,0.0,0.0,0,0,0,0.0,0.0
No Record,XXXXXXXX,13:51:00,0.0,0.0,0,0.0,0.0,0,0,0,0.0,0.0
No Record,XXXXXXXX,13:52:00,0.0,0.0,0,0.0,0.0,0,0,0,0.0,0.0
No Record,XXXXXXXX,13:53:00,0.0,0.0,0,0.0,0.0,0,0,0,0.0,0.0
No Record,XXXXXXXX,13:54:00,0.0,0.0,0,0.0,0.0,0,0,0,0.0,0.0
No Record,XXXXXXXX,13:55:00,0.0,0.0,0,0.0,0.0,0,0,0,0.0,0.0
No Record,XXXXXXXX,13:56:00,0.0,0.0,0,0.0,0.0,0,0,0,0.0,0.0
No Record,XXXXXXXX,13:57:00,0.0,0.0,0,0.0,0.0,0,0,0,0.0,0.0
No Record,XXXXXXXX,13:58:00,0.0,0.0,0,0.0,0.0,0,0,0,0.0,0.0
No Record,XXXXXXXX,13:59:00,0.0,0.0,0,0.0,0.0,0,0,0,0.0,0.0
No Record,XXXXXXXX,14:00:00,0.0,0.0,0,0.0,0.0,0,0,0,0.0,0.0
No Record,XXXXXXXX,14:01:00,0.0,0.0,0,0.0,0.0,0,0,0,0.0,0.0
No Record,XXXXXXXX,14:02:00,0.0,0.0,0,0.0,0.0,0,0,0,0.0,0.0
No Record,XXXXXXXX,14:03:00,0.0,0.0,0,0.0,0.0,0,0,0,0.0,0.0
No Record,XXXXXXXX,14:04:00,0.0,0.0,0,0.0,0.0,0,0,0,0.0,0.0
No Record,XXXXXXXX,14:05:00,0.0,0.0,0,0.0,0.0,0,0,0,0.0,0.0
No Record,XXXXXXXX,14:06:00,0.0,0.0,0,0.0,0.0,0,0,0,0.0,0.0
No Record,XXXXXXXX,14:07:00,0.0,0.0,0,0.0,0.0,0,0,0,0.0,0.0
No Record,XXXXXXXX,14:08:00,0.0,0.0,0,0.0,0.0,0,0,0,0.0,0.0
No Record,XXXXXXXX,14:09:00,0.0,0.0,0,0.0,0.0,0,0,0,0.0,0.0
No Record,XXXXXXXX,14:10:00,0.0,0.0,0,0.0,0.0,0,0,0,0.0,0.0
No Record,XXXXXXXX,14:11:00,0.0,0.0,0,0.0,0.0,0,0,0,0.0,0.0
No Record,XXXXXXXX,14:12:00,0.0,0.0,0,0.0,0.0,0,0,0,0.0,0.0
No Record,XXXXXXXX,14:13:00,0.0,0.0,0,0.0,0.0,0,0,0,0.0,0.0
No Record,XXXXXXXX,14:14:00,0.0,0.0,0,0.0,0.0,0,0,0,0.0,0.0
No Record,XXXXXXXX,14:15:00,0.0,0.0,0,0.0,0.0,0,0,0,0.0,0.0
No Record,XXXXXXXX,14:16:00,0.0,0.0,0,0.0,0.0,0,0,0,0.0,0.0
No Record,XXXXXXXX,14:17:00,0.0,0.0,0,0.0,0.0,0,0,0,0.0,0.0
No Record,XXXXXXXX,14:18:00,0.0,0.0,0,0.0,0.0,0,0,0,0.0,0.0
No Record,XXXXXXXX,14:19:01,0.0,0.0,0,0.0,0.0,0,0,0,0.0,0.0
No Record,XXXXXXXX,14:20:00,0.0,0.0,0,0.0,0.0,0,0,0,0.0,0.0
No Record,XXXXXXXX,14:21:00,0.0,0.0,0,0.0,0.0,0,0,0,0.0,0.0
No Record,XXXXXXXX,14:22:00,0.0,0.0,0,0.0,0.0,0,0,0,0.0,0.0
No Record,XXXXXXXX,14:23:00,0.0,0.0,0,0.0,0.0,0,0,0,0.0,0.0
No Record,XXXXXXXX,14:24:00,0.0,0.0,0,0.0,0.0,0,0,0,0.0,0.0
No Record,XXXXXXXX,14:25:00,0.0,0.0,0,0.0,0.0,0,0,0,0.0,0.0
No Record,XXXXXXXX,14:26:00,0.0,0.0,0,0.0,0.0,0,0,0,0.0,0.0
No Record,XXXXXXXX,14:27:00,0.0,0.0,0,0.0,0.0,0,0,0,0.0,0.0
No Record,XXXXXXXX,14:28:00,0.0,0.0,0,0.0,0.0,0,0,0,0.0,0.0
No Record,XXXXXXXX,14:29:01,0.0,0.0,0,0.0,0.0,0,0,0,0.0,0.0
No Record,XXXXXXXX,14:30:00,0.0,0.0,0,0.0,0.0,0,0,0,0.0,0.0
No Record,XXXXXXXX,14:31:00,0.0,0.0,0,0.0,0.0,0,0,0,0.0,0.0
No Record,XXXXXXXX,14:32:00,0.0,0.0,0,0.0,0.0,0,0,0,0.0,0.0
No Record,XXXXXXXX,14:33:00,0.0,0.0,0,0.0,0.0,0,0,0,0.0,0.0
No Record,XXXXXXXX,14:34:00,0.0,0.0,0,0.0,0.0,0,0,0,0.0,0.0
No Record,XXXXXXXX,14:35:00,0.0,0.0,0,0.0,0.0,0,0,0,0.0,0.0
No Record,XXXXXXXX,14:36:00,0.0,0.0,0,0.0,0.0,0,0,0,0.0,0.0
No Record,XXXXXXXX,14:37:01,0.0,0.0,0,0.0,0.0,0,0,0,0.0,0.0
No Record,XXXXXXXX,14:38:00,0.0,0.0,0,0.0,0.0,0,0,0,0.0,0.0
No Record,XXXXXXXX,14:39:00,0.0,0.0,0,0.0,0.0,0,0,0,0.0,0.0
No Record,XXXXXXXX,14:40:00,0.0,0.0,0,0.0,0.0,0,0,0,0.0,0.0
No Record,XXXXXXXX,14:41:00,0.0,0.0,0,0.0,0.0,0,0,0,0.0,0.0
No Record,XXXXXXXX,14:42:00,0.0,0.0,0,0.0,0.0,0,0,0,0.0,0.0
No Record,XXXXXXXX,14:43:01,0.0,0.0,0,0.0,0.0,0,0,0,0.0,0.0
No Record,XXXXXXXX,14:44:00,0.0,0.0,0,0.0,0.0,0,0,0,0.0,0.0
No Record,XXXXXXXX,14:45:00,0.0,0.0,0,0.0,0.0,0,0,0,0.0,0.0
No Record,XXXXXXXX,14:46:00,0.0,0.0,0,0.0,0.0,0,0,0,0.0,0.0
No Record,XXXXXXXX,14:47:00,0.0,0.0,0,0.0,0.0,0,0,0,0.0,0.0
No Record,XXXXXXXX,14:48:00,0.0,0.0,0,0.0,0.0,0,0,0,0.0,0.0
No Record,XXXXXXXX,14:49:00,0.0,0.0,0,0.0,0.0,0,0,0,0.0,0.0
No Record,XXXXXXXX,14:50:00,0.0,0.0,0,0.0,0.0,0,0,0,0.0,0.0
No Record,XXXXXXXX,14:51:00,0.0,0.0,0,0.0,0.0,0,0,0,0.0,0.0
No Record,XXXXXXXX,14:52:00,0.0,0.0,0,0.0,0.0,0,0,0,0.0,0.0
No Record,XXXXXXXX,14:53:00,0.0,0.0,0,0.0,0.0,0,0,0,0.0,0.0
No Record,XXXXXXXX,14:54:00,0.0,0.0,0,0.0,0.0,0,0,0,0.0,0.0
No Record,XXXXXXXX,14:55:00,0.0,0.0,0,0.0,0.0,0,0,0,0.0,0.0
No Record,XXXXXXXX,14:56:00,0.0,0.0,0,0.0,0.0,0,0,0,0.0,0.0
No Record,XXXXXXXX,14:57:00,0.0,0.0,0,0.0,0.0,0,0,0,0.0,0.0
No Record,XXXXXXXX,14:58:00,0.0,0.0,0,0.0,0.0,0,0,0,0.0,0.0
No Record,XXXXXXXX,14:59:00,0.0,0.0,0,0.0,0.0,0,0,0,0.0,0.0
No Record,XXXXXXXX,15:00:00,0.0,0.0,0,0.0,0.0,0,0,0,0.0,0.0
No Record,XXXXXXXX,15:01:00,0.0,0.0,0,0.0,0.0,0,0,0,0.0,0.0
No Record,XXXXXXXX,15:02:00,0.0,0.0,0,0.0,0.0,0,0,0,0.0,0.0
No Record,XXXXXXXX,15:03:00,0.0,0.0,0,0.0,0.0,0,0,0,0.0,0.0
No Record,XXXXXXXX,15:04:00,0.0,0.0,0,0.0,0.0,0,0,0,0.0,0.0
No Record,XXXXXXXX,15:05:00,0.0,0.0,0,0.0,0.0,0,0,0,0.0,0.0
No Record,XXXXXXXX,15:06:00,0.0,0.0,0,0.0,0.0,0,0,0,0.0,0.0
No Record,XXXXXXXX,15:07:01,0.0,0.0,0,0.0,0.0,0,0,0,0.0,0.0
No Record,XXXXXXXX,15:08:00,0.0,0.0,0,0.0,0.0,0,0,0,0.0,0.0
No Record,XXXXXXXX,15:09:00,0.0,0.0,0,0.0,0.0,0,0,0,0.0,0.0
No Record,XXXXXXXX,15:10:00,0.0,0.0,0,0.0,0.0,0,0,0,0.0,0.0
No Record,XXXXXXXX,15:11:00,0.0,0.0,0,0.0,0.0,0,0,0,0.0,0.0
No Record,XXXXXXXX,15:12:00,0.0,0.0,0,0.0,0.0,0,0,0,0.0,0.0
No Record,XXXXXXXX,15:13:00,0.0,0.0,0,0.0,0.0,0,0,0,0.0,0.0
No Record,XXXXXXXX,15:14:00,0.0,0.0,0,0.0,0.0,0,0,0,0.0,0.0
No Record,XXXXXXXX,15:15:00,0.0,0.0,0,0.0,0.0,0,0,0,0.0,0.0
No Record,XXXXXXXX,15:16:00,0.0,0.0,0,0.0,0.0,0,0,0,0.0,0.0
No Record,XXXXXXXX,15:17:00,0.0,0.0,0,0.0,0.0,0,0,0,0.0,0.0
No Record,XXXXXXXX,15:18:00,0.0,0.0,0,0.0,0.0,0,0,0,0.0,0.0
No Record,XXXXXXXX,15:19:00,0.0,0.0,0,0.0,0.0,0,0,0,0.0,0.0
No Record,XXXXXXXX,15:20:00,0.0,0.0,0,0.0,0.0,0,0,0,0.0,0.0
No Record,XXXXXXXX,15:21:00,0.0,0.0,0,0.0,0.0,0,0,0,0.0,0.0
No Record,XXXXXXXX,15:22:00,0.0,0.0,0,0.0,0.0,0,0,0,0.0,0.0
No Record,XXXXXXXX,15:23:00,0.0,0.0,0,0.0,0.0,0,0,0,0.0,0.0
No Record,XXXXXXXX,15:24:00,0.0,0.0,0,0.0,0.0,0,0,0,0.0,0.0
No Record,XXXXXXXX,15:25:00,0.0,0.0,0,0.0,0.0,0,0,0,0.0,0.0
No Record,XXXXXXXX,15:26:00,0.0,0.0,0,0.0,0.0,0,0,0,0.0,0.0
No Record,XXXXXXXX,15:27:00,0.0,0.0,0,0.0,0.0,0,0,0,0.0,0.0
No Record,XXXXXXXX,15:28:00,0.0,0.0,0,0.0,0.0,0,0,0,0.0,0.0
No Record,XXXXXXXX,15:29:00,0.0,0.0,0,0.0,0.0,0,0,0,0.0,0.0
No Record,XXXXXXXX,15:30:00,0.0,0.0,0,0.0,0.0,0,0,0,0.0,0.0
No Record,XXXXXXXX,15:31:00,0.0,0.0,0,0.0,0.0,0,0,0,0.0,0.0
No Record,XXXXXXXX,15:32:00,0.0,0.0,0,0.0,0.0,0,0,0,0.0,0.0
No Record,XXXXXXXX,15:33:00,0.0,0.0,0,0.0,0.0,0,0,0,0.0,0.0
No Record,XXXXXXXX,15:34:00,0.0,0.0,0,0.0,0.0,0,0,0,0.0,0.0
No Record,XXXXXXXX,15:35:00,0.0,0.0,0,0.0,0.0,0,0,0,0.0,0.0
No Record,XXXXXXXX,15:36:00,0.0,0.0,0,0.0,0.0,0,0,0,0.0,0.0
No Record,XXXXXXXX,15:37:00,0.0,0.0,0,0.0,0.0,0,0,0,0.0,0.0
No Record,XXXXXXXX,15:38:00,0.0,0.0,0,0.0,0.0,0,0,0,0.0,0.0
No Record,XXXXXXXX,15:39:00,0.0,0.0,0,0.0,0.0,0,0,0,0.0,0.0
No Record,XXXXXXXX,15:40:00,0.0,0.0,0,0.0,0.0,0,0,0,0.0,0.0
No Record,XXXXXXXX,15:41:00,0.0,0.0,0,0.0,0.0,0,0,0,0.0,0.0
No Record,XXXXXXXX,15:42:00,0.0,0.0,0,0.0,0.0,0,0,0,0.0,0.0
No Record,XXXXXXXX,15:43:00,0.0,0.0,0,0.0,0.0,0,0,0,0.0,0.0
No Record,XXXXXXXX,15:44:00,0.0,0.0,0,0.0,0.0,0,0,0,0.0,0.0
No Record,XXXXXXXX,15:45:00,0.0,0.0,0,0.0,0.0,0,0,0,0.0,0.0
No Record,XXXXXXXX,15:46:00,0.0,0.0,0,0.0,0.0,0,0,0,0.0,0.0
No Record,XXXXXXXX,15:47:00,0.0,0.0,0,0.0,0.0,0,0,0,0.0,0.0
No Record,XXXXXXXX,15:48:00,0.0,0.0,0,0.0,0.0,0,0,0,0.0,0.0
No Record,XXXXXXXX,15:49:00,0.0,0.0,0,0.0,0.0,0,0,0,0.0,0.0
No Record,XXXXXXXX,15:50:00,0.0,0.0,0,0.0,0.0,0,0,0,0.0,0.0
No Record,XXXXXXXX,15:51:00,0.0,0.0,0,0.0,0.0,0,0,0,0.0,0.0
No Record,XXXXXXXX,15:52:00,0.0,0.0,0,0.0,0.0,0,0,0,0.0,0.0
No Record,XXXXXXXX,15:53:00,0.0,0.0,0,0.0,0.0,0,0,0,0.0,0.0
No Record,XXXXXXXX,15:54:00,0.0,0.0,0,0.0,0.0,0,0,0,0.0,0.0
No Record,XXXXXXXX,15:55:00,0.0,0.0,0,0.0,0.0,0,0,0,0.0,0.0
No Record,XXXXXXXX,15:56:00,0.0,0.0,0,0.0,0.0,0,0,0,0.0,0.0
No Record,XXXXXXXX,15:57:00,0.0,0.0,0,0.0,0.0,0,0,0,0.0,0.0
No Record,XXXXXXXX,15:58:00,0.0,0.0,0,0.0,0.0,0,0,0,0.0,0.0
No Record,XXXXXXXX,15:59:00,0.0,0.0,0,0.0,0.0,0,0,0,0.0,0.0
No Record,XXXXXXXX,16:00:00,0.0,0.0,0,0.0,0.0,0,0,0,0.0,0.0
No Record,XXXXXXXX,16:01:00,0.0,0.0,0,0.0,0.0,0,0,0,0.0,0.0
No Record,XXXXXXXX,16:02:00,0.0,0.0,0,0.0,0.0,0,0,0,0.0,0.0
No Record,XXXXXXXX,16:03:00,0.0,0.0,0,0.0,0.0,0,0,0,0.0,0.0
No Record,XXXXXXXX,16:04:00,0.0,0.0,0,0.0,0.0,0,0,0,0.0,0.0
No Record,XXXXXXXX,16:05:00,0.0,0.0,0,0.0,0.0,0,0,0,0.0,0.0
No Record,XXXXXXXX,16:06:00,0.0,0.0,0,0.0,0.0,0,0,0,0.0,0.0
No Record,XXXXXXXX,16:07:00,0.0,0.0,0,0.0,0.0,0,0,0,0.0,0.0
No Record,XXXXXXXX,16:08:00,0.0,0.0,0,0.0,0.0,0,0,0,0.0,0.0
No Record,XXXXXXXX,16:09:00,0.0,0.0,0,0.0,0.0,0,0,0,0.0,0.0
No Record,XXXXXXXX,16:10:00,0.0,0.0,0,0.0,0.0,0,0,0,0.0,0.0
No Record,XXXXXXXX,16:11:00,0.0,0.0,0,0.0,0.0,0,0,0,0.0,0.0
No Record,XXXXXXXX,16:12:00,0.0,0.0,0,0.0,0.0,0,0,0,0.0,0.0
No Record,XXXXXXXX,16:13:00,0.0,0.0,0,0.0,0.0,0,0,0,0.0,0.0
No Record,XXXXXXXX,16:14:00,0.0,0.0,0,0.0,0.0,0,0,0,0.0,0.0
No Record,XXXXXXXX,16:15:00,0.0,0.0,0,0.0,0.0,0,0,0,0.0,0.0
No Record,XXXXXXXX,16:16:00,0.0,0.0,0,0.0,0.0,0,0,0,0.0,0.0
No Record,XXXXXXXX,16:17:00,0.0,0.0,0,0.0,0.0,0,0,0,0.0,0.0
No Record,XXXXXXXX,16:18:00,0.0,0.0,0,0.0,0.0,0,0,0,0.0,0.0
No Record,XXXXXXXX,16:19:00,0.0,0.0,0,0.0,0.0,0,0,0,0.0,0.0
No Record,XXXXXXXX,16:20:00,0.0,0.0,0,0.0,0.0,0,0,0,0.0,0.0
No Record,XXXXXXXX,16:21:00,0.0,0.0,0,0.0,0.0,0,0,0,0.0,0.0
No Record,XXXXXXXX,16:22:00,0.0,0.0,0,0.0,0.0,0,0,0,0.0,0.0
No Record,XXXXXXXX,16:23:00,0.0,0.0,0,0.0,0.0,0,0,0,0.0,0.0
No Record,XXXXXXXX,16:24:00,0.0,0.0,0,0.0,0.0,0,0,0,0.0,0.0
No Record,XXXXXXXX,16:25:00,0.0,0.0,0,0.0,0.0,0,0,0,0.0,0.0
No Record,XXXXXXXX,16:26:00,0.0,0.0,0,0.0,0.0,0,0,0,0.0,0.0
No Record,XXXXXXXX,16:27:00,0.0,0.0,0,0.0,0.0,0,0,0,0.0,0.0
No Record,XXXXXXXX,16:28:00,0.0,0.0,0,0.0,0.0,0,0,0,0.0,0.0
No Record,XXXXXXXX,16:29:00,0.0,0.0,0,0.0,0.0,0,0,0,0.0,0.0
No Record,XXXXXXXX,16:30:00,0.0,0.0,0,0.0,0.0,0,0,0,0.0,0.0
No Record,XXXXXXXX,16:31:00,0.0,0.0,0,0.0,0.0,0,0,0,0.0,0.0
No Record,XXXXXXXX,16:32:00,0.0,0.0,0,0.0,0.0,0,0,0,0.0,0.0
No Record,XXXXXXXX,16:33:00,0.0,0.0,0,0.0,0.0,0,0,0,0.0,0.0
No Record,XXXXXXXX,16:34:00,0.0,0.0,0,0.0,0.0,0,0,0,0.0,0.0
No Record,XXXXXXXX,16:35:00,0.0,0.0,0,0.0,0.0,0,0,0,0.0,0.0
No Record,XXXXXXXX,16:36:00,0.0,0.0,0,0.0,0.0,0,0,0,0.0,0.0
No Record,XXXXXXXX,16:37:00,0.0,0.0,0,0.0,0.0,0,0,0,0.0,0.0
No Record,XXXXXXXX,16:38:00,0.0,0.0,0,0.0,0.0,0,0,0,0.0,0.0
No Record,XXXXXXXX,16:39:00,0.0,0.0,0,0.0,0.0,0,0,0,0.0,0.0
No Record,XXXXXXXX,16:40:00,0.0,0.0,0,0.0,0.0,0,0,0,0.0,0.0
No Record,XXXXXXXX,16:41:00,0.0,0.0,0,0.0,0.0,0,0,0,0.0,0.0
No Record,XXXXXXXX,16:42:00,0.0,0.0,0,0.0,0.0,0,0,0,0.0,0.0
No Record,XXXXXXXX,16:43:00,0.0,0.0,0,0.0,0.0,0,0,0,0.0,0.0
No Record,XXXXXXXX,16:44:00,0.0,0.0,0,0.0,0.0,0,0,0,0.0,0.0
No Record,XXXXXXXX,16:45:00,0.0,0.0,0,0.0,0.0,0,0,0,0.0,0.0
No Record,XXXXXXXX,16:46:00,0.0,0.0,0,0.0,0.0,0,0,0,0.0,0.0
No Record,XXXXXXXX,16:47:00,0.0,0.0,0,0.0,0.0,0,0,0,0.0,0.0
No Record,XXXXXXXX,16:48:00,0.0,0.0,0,0.0,0.0,0,0,0,0.0,0.0
No Record,XXXXXXXX,16:49:00,0.0,0.0,0,0.0,0.0,0,0,0,0.0,0.0
No Record,XXXXXXXX,16:50:00,0.0,0.0,0,0.0,0.0,0,0,0,0.0,0.0
No Record,XXXXXXXX,16:51:00,0.0,0.0,0,0.0,0.0,0,0,0,0.0,0.0
No Record,XXXXXXXX,16:52:00,0.0,0.0,0,0.0,0.0,0,0,0,0.0,0.0
No Record,XXXXXXXX,16:53:00,0.0,0.0,0,0.0,0.0,0,0,0,0.0,0.0
No Record,XXXXXXXX,16:54:00,0.0,0.0,0,0.0,0.0,0,0,0,0.0,0.0
No Record,XXXXXXXX,16:55:00,0.0,0.0,0,0.0,0.0,0,0,0,0.0,0.0
No Record,XXXXXXXX,16:56:00,0.0,0.0,0,0.0,0.0,0,0,0,0.0,0.0
No Record,XXXXXXXX,16:57:00,0.0,0.0,0,0.0,0.0,0,0,0,0.0,0.0
No Record,XXXXXXXX,16:58:00,0.0,0.0,0,0.0,0.0,0,0,0,0.0,0.0
No Record,XXXXXXXX,16:59:00,0.0,0.0,0,0.0,0.0,0,0,0,0.0,0.0
No Record,XXXXXXXX,17:00:00,0.0,0.0,0,0.0,0.0,0,0,0,0.0,0.0
No Record,XXXXXXXX,17:01:00,0.0,0.0,0,0.0,0.0,0,0,0,0.0,0.0
No Record,XXXXXXXX,17:02:00,0.0,0.0,0,0.0,0.0,0,0,0,0.0,0.0
No Record,XXXXXXXX,17:03:00,0.0,0.0,0,0.0,0.0,0,0,0,0.0,0.0
No Record,XXXXXXXX,17:04:00,0.0,0.0,0,0.0,0.0,0,0,0,0.0,0.0
No Record,XXXXXXXX,17:05:00,0.0,0.0,0,0.0,0.0,0,0,0,0.0,0.0
No Record,XXXXXXXX,17:06:00,0.0,0.0,0,0.0,0.0,0,0,0,0.0,0.0
No Record,XXXXXXXX,17:07:00,0.0,0.0,0,0.0,0.0,0,0,0,0.0,0.0
No Record,XXXXXXXX,17:08:00,0.0,0.0,0,0.0,0.0,0,0,0,0.0,0.0
No Record,XXXXXXXX,17:09:01,0.0,0.0,0,0.0,0.0,0,0,0,0.0,0.0
No Record,XXXXXXXX,17:10:00,0.0,0.0,0,0.0,0.0,0,0,0,0.0,0.0
No Record,XXXXXXXX,17:11:00,0.0,0.0,0,0.0,0.0,0,0,0,0.0,0.0
No Record,XXXXXXXX,17:12:00,0.0,0.0,0,0.0,0.0,0,0,0,0.0,0.0
No Record,XXXXXXXX,17:13:00,0.0,0.0,0,0.0,0.0,0,0,0,0.0,0.0
No Record,XXXXXXXX,17:14:00,0.0,0.0,0,0.0,0.0,0,0,0,0.0,0.0
No Record,XXXXXXXX,17:15:00,0.0,0.0,0,0.0,0.0,0,0,0,0.0,0.0
No Record,XXXXXXXX,17:16:00,0.0,0.0,0,0.0,0.0,0,0,0,0.0,0.0
No Record,XXXXXXXX,17:17:00,0.0,0.0,0,0.0,0.0,0,0,0,0.0,0.0
No Record,XXXXXXXX,17:18:00,0.0,0.0,0,0.0,0.0,0,0,0,0.0,0.0
No Record,XXXXXXXX,17:19:00,0.0,0.0,0,0.0,0.0,0,0,0,0.0,0.0
No Record,XXXXXXXX,17:20:00,0.0,0.0,0,0.0,0.0,0,0,0,0.0,0.0
No Record,XXXXXXXX,17:21:00,0.0,0.0,0,0.0,0.0,0,0,0,0.0,0.0
No Record,XXXXXXXX,17:22:00,0.0,0.0,0,0.0,0.0,0,0,0,0.0,0.0
No Record,XXXXXXXX,17:23:00,0.0,0.0,0,0.0,0.0,0,0,0,0.0,0.0
No Record,XXXXXXXX,17:24:00,0.0,0.0,0,0.0,0.0,0,0,0,0.0,0.0
No Record,XXXXXXXX,17:25:00,0.0,0.0,0,0.0,0.0,0,0,0,0.0,0.0
No Record,XXXXXXXX,17:26:00,0.0,0.0,0,0.0,0.0,0,0,0,0.0,0.0
No Record,XXXXXXXX,17:27:00,0.0,0.0,0,0.0,0.0,0,0,0,0.0,0.0
No Record,XXXXXXXX,17:28:00,0.0,0.0,0,0.0,0.0,0,0,0,0.0,0.0
No Record,XXXXXXXX,17:29:00,0.0,0.0,0,0.0,0.0,0,0,0,0.0,0.0
No Record,XXXXXXXX,17:30:00,0.0,0.0,0,0.0,0.0,0,0,0,0.0,0.0
No Record,XXXXXXXX,17:31:00,0.0,0.0,0,0.0,0.0,0,0,0,0.0,0.0
No Record,XXXXXXXX,17:32:00,0.0,0.0,0,0.0,0.0,0,0,0,0.0,0.0
No Record,XXXXXXXX,17:33:00,0.0,0.0,0,0.0,0.0,0,0,0,0.0,0.0
No Record,XXXXXXXX,17:34:00,0.0,0.0,0,0.0,0.0,0,0,0,0.0,0.0
No Record,XXXXXXXX,17:35:00,0.0,0.0,0,0.0,0.0,0,0,0,0.0,0.0
No Record,XXXXXXXX,17:36:00,0.0,0.0,0,0.0,0.0,0,0,0,0.0,0.0
No Record,XXXXXXXX,17:37:00,0.0,0.0,0,0.0,0.0,0,0,0,0.0,0.0
No Record,XXXXXXXX,17:38:00,0.0,0.0,0,0.0,0.0,0,0,0,0.0,0.0
No Record,XXXXXXXX,17:39:00,0.0,0.0,0,0.0,0.0,0,0,0,0.0,0.0
No Record,XXXXXXXX,17:40:00,0.0,0.0,0,0.0,0.0,0,0,0,0.0,0.0
No Record,XXXXXXXX,17:41:00,0.0,0.0,0,0.0,0.0,0,0,0,0.0,0.0
No Record,XXXXXXXX,17:42:00,0.0,0.0,0,0.0,0.0,0,0,0,0.0,0.0
No Record,XXXXXXXX,17:43:00,0.0,0.0,0,0.0,0.0,0,0,0,0.0,0.0
No Record,XXXXXXXX,17:44:00,0.0,0.0,0,0.0,0.0,0,0,0,0.0,0.0
No Record,XXXXXXXX,17:45:00,0.0,0.0,0,0.0,0.0,0,0,0,0.0,0.0
No Record,XXXXXXXX,17:46:00,0.0,0.0,0,0.0,0.0,0,0,0,0.0,0.0
No Record,XXXXXXXX,17:47:00,0.0,0.0,0,0.0,0.0,0,0,0,0.0,0.0
No Record,XXXXXXXX,17:48:00,0.0,0.0,0,0.0,0.0,0,0,0,0.0,0.0
No Record,XXXXXXXX,17:49:00,0.0,0.0,0,0.0,0.0,0,0,0,0.0,0.0
No Record,XXXXXXXX,17:50:00,0.0,0.0,0,0.0,0.0,0,0,0,0.0,0.0
No Record,XXXXXXXX,17:51:00,0.0,0.0,0,0.0,0.0,0,0,0,0.0,0.0
No Record,XXXXXXXX,17:52:00,0.0,0.0,0,0.0,0.0,0,0,0,0.0,0.0
No Record,XXXXXXXX,17:53:00,0.0,0.0,0,0.0,0.0,0,0,0,0.0,0.0
No Record,XXXXXXXX,17:54:00,0.0,0.0,0,0.0,0.0,0,0,0,0.0,0.0
No Record,XXXXXXXX,17:55:00,0.0,0.0,0,0.0,0.0,0,0,0,0.0,0.0
No Record,XXXXXXXX,17:56:00,0.0,0.0,0,0.0,0.0,0,0,0,0.0,0.0
No Record,XXXXXXXX,17:57:00,0.0,0.0,0,0.0,0.0,0,0,0,0.0,0.0
No Record,XXXXXXXX,17:58:00,0.0,0.0,0,0.0,0.0,0,0,0,0.0,0.0
No Record,XXXXXXXX,17:59:00,0.0,0.0,0,0.0,0.0,0,0,0,0.0,0.0
No Record,XXXXXXXX,18:00:00,0.0,0.0,0,0.0,0.0,0,0,0,0.0,0.0
No Record,XXXXXXXX,18:01:00,0.0,0.0,0,0.0,0.0,0,0,0,0.0,0.0
No Record,XXXXXXXX,18:02:00,0.0,0.0,0,0.0,0.0,0,0,0,0.0,0.0
No Record,XXXXXXXX,18:03:00,0.0,0.0,0,0.0,0.0,0,0,0,0.0,0.0
No Record,XXXXXXXX,18:04:00,0.0,0.0,0,0.0,0.0,0,0,0,0.0,0.0
No Record,XXXXXXXX,18:05:00,0.0,0.0,0,0.0,0.0,0,0,0,0.0,0.0
No Record,XXXXXXXX,18:06:00,0.0,0.0,0,0.0,0.0,0,0,0,0.0,0.0
No Record,XXXXXXXX,18:07:00,0.0,0.0,0,0.0,0.0,0,0,0,0.0,0.0
No Record,XXXXXXXX,18:08:00,0.0,0.0,0,0.0,0.0,0,0,0,0.0,0.0
No Record,XXXXXXXX,18:09:00,0.0,0.0,0,0.0,0.0,0,0,0,0.0,0.0
No Record,XXXXXXXX,18:10:00,0.0,0.0,0,0.0,0.0,0,0,0,0.0,0.0
No Record,XXXXXXXX,18:11:00,0.0,0.0,0,0.0,0.0,0,0,0,0.0,0.0
No Record,XXXXXXXX,18:12:00,0.0,0.0,0,0.0,0.0,0,0,0,0.0,0.0
No Record,XXXXXXXX,18:13:00,0.0,0.0,0,0.0,0.0,0,0,0,0.0,0.0
No Record,XXXXXXXX,18:14:00,0.0,0.0,0,0.0,0.0,0,0,0,0.0,0.0
No Record,XXXXXXXX,18:15:00,0.0,0.0,0,0.0,0.0,0,0,0,0.0,0.0
No Record,XXXXXXXX,18:16:00,0.0,0.0,0,0.0,0.0,0,0,0,0.0,0.0
No Record,XXXXXXXX,18:17:00,0.0,0.0,0,0.0,0.0,0,0,0,0.0,0.0
No Record,XXXXXXXX,18:18:00,0.0,0.0,0,0.0,0.0,0,0,0,0.0,0.0
No Record,XXXXXXXX,18:19:00,0.0,0.0,0,0.0,0.0,0,0,0,0.0,0.0
No Record,XXXXXXXX,18:20:00,0.0,0.0,0,0.0,0.0,0,0,0,0.0,0.0
No Record,XXXXXXXX,18:21:00,0.0,0.0,0,0.0,0.0,0,0,0,0.0,0.0
No Record,XXXXXXXX,18:22:00,0.0,0.0,0,0.0,0.0,0,0,0,0.0,0.0
No Record,XXXXXXXX,18:23:00,0.0,0.0,0,0.0,0.0,0,0,0,0.0,0.0
No Record,XXXXXXXX,18:24:00,0.0,0.0,0,0.0,0.0,0,0,0,0.0,0.0
No Record,XXXXXXXX,18:25:00,0.0,0.0,0,0.0,0.0,0,0,0,0.0,0.0
No Record,XXXXXXXX,18:26:00,0.0,0.0,0,0.0,0.0,0,0,0,0.0,0.0
No Record,XXXXXXXX,18:27:00,0.0,0.0,0,0.0,0.0,0,0,0,0.0,0.0
No Record,XXXXXXXX,18:28:00,0.0,0.0,0,0.0,0.0,0,0,0,0.0,0.0
No Record,XXXXXXXX,18:29:00,0.0,0.0,0,0.0,0.0,0,0,0,0.0,0.0
No Record,XXXXXXXX,18:30:00,0.0,0.0,0,0.0,0.0,0,0,0,0.0,0.0
No Record,XXXXXXXX,18:31:00,0.0,0.0,0,0.0,0.0,0,0,0,0.0,0.0
No Record,XXXXXXXX,18:32:00,0.0,0.0,0,0.0,0.0,0,0,0,0.0,0.0
No Record,XXXXXXXX,18:33:00,0.0,0.0,0,0.0,0.0,0,0,0,0.0,0.0
No Record,XXXXXXXX,18:34:00,0.0,0.0,0,0.0,0.0,0,0,0,0.0,0.0
No Record,XXXXXXXX,18:35:00,0.0,0.0,0,0.0,0.0,0,0,0,0.0,0.0
No Record,XXXXXXXX,18:36:00,0.0,0.0,0,0.0,0.0,0,0,0,0.0,0.0
No Record,XXXXXXXX,18:37:00,0.0,0.0,0,0.0,0.0,0,0,0,0.0,0.0
No Record,XXXXXXXX,18:38:00,0.0,0.0,0,0.0,0.0,0,0,0,0.0,0.0
No Record,XXXXXXXX,18:39:00,0.0,0.0,0,0.0,0.0,0,0,0,0.0,0.0
No Record,XXXXXXXX,18:40:00,0.0,0.0,0,0.0,0.0,0,0,0,0.0,0.0
No Record,XXXXXXXX,18:41:00,0.0,0.0,0,0.0,0.0,0,0,0,0.0,0.0
No Record,XXXXXXXX,18:42:00,0.0,0.0,0,0.0,0.0,0,0,0,0.0,0.0
No Record,XXXXXXXX,18:43:00,0.0,0.0,0,0.0,0.0,0,0,0,0.0,0.0
No Record,XXXXXXXX,18:44:00,0.0,0.0,0,0.0,0.0,0,0,0,0.0,0.0
No Record,XXXXXXXX,18:45:00,0.0,0.0,0,0.0,0.0,0,0,0,0.0,0.0
No Record,XXXXXXXX,18:46:00,0.0,0.0,0,0.0,0.0,0,0,0,0.0,0.0
No Record,XXXXXXXX,18:47:00,0.0,0.0,0,0.0,0.0,0,0,0,0.0,0.0
No Record,XXXXXXXX,18:48:00,0.0,0.0,0,0.0,0.0,0,0,0,0.0,0.0
No Record,XXXXXXXX,18:49:00,0.0,0.0,0,0.0,0.0,0,0,0,0.0,0.0
No Record,XXXXXXXX,18:50:00,0.0,0.0,0,0.0,0.0,0,0,0,0.0,0.0
No Record,XXXXXXXX,18:51:00,0.0,0.0,0,0.0,0.0,0,0,0,0.0,0.0
No Record,XXXXXXXX,18:52:00,0.0,0.0,0,0.0,0.0,0,0,0,0.0,0.0
No Record,XXXXXXXX,18:53:00,0.0,0.0,0,0.0,0.0,0,0,0,0.0,0.0
No Record,XXXXXXXX,18:54:00,0.0,0.0,0,0.0,0.0,0,0,0,0.0,0.0
No Record,XXXXXXXX,18:55:00,0.0,0.0,0,0.0,0.0,0,0,0,0.0,0.0
No Record,XXXXXXXX,18:56:00,0.0,0.0,0,0.0,0.0,0,0,0,0.0,0.0
No Record,XXXXXXXX,18:57:00,0.0,0.0,0,0.0,0.0,0,0,0,0.0,0.0
No Record,XXXXXXXX,18:58:00,0.0,0.0,0,0.0,0.0,0,0,0,0.0,0.0
No Record,XXXXXXXX,18:59:00,0.0,0.0,0,0.0,0.0,0,0,0,0.0,0.0
No Record,XXXXXXXX,19:00:00,0.0,0.0,0,0.0,0.0,0,0,0,0.0,0.0
No Record,XXXXXXXX,19:01:00,0.0,0.0,0,0.0,0.0,0,0,0,0.0,0.0
No Record,XXXXXXXX,19:02:00,0.0,0.0,0,0.0,0.0,0,0,0,0.0,0.0
No Record,XXXXXXXX,19:03:00,0.0,0.0,0,0.0,0.0,0,0,0,0.0,0.0
No Record,XXXXXXXX,19:04:00,0.0,0.0,0,0.0,0.0,0,0,0,0.0,0.0
No Record,XXXXXXXX,19:05:00,0.0,0.0,0,0.0,0.0,0,0,0,0.0,0.0
No Record,XXXXXXXX,19:06:00,0.0,0.0,0,0.0,0.0,0,0,0,0.0,0.0
No Record,XXXXXXXX,19:07:00,0.0,0.0,0,0.0,0.0,0,0,0,0.0,0.0
No Record,XXXXXXXX,19:08:00,0.0,0.0,0,0.0,0.0,0,0,0,0.0,0.0
No Record,XXXXXXXX,19:09:00,0.0,0.0,0,0.0,0.0,0,0,0,0.0,0.0
No Record,XXXXXXXX,19:10:00,0.0,0.0,0,0.0,0.0,0,0,0,0.0,0.0
No Record,XXXXXXXX,19:11:00,0.0,0.0,0,0.0,0.0,0,0,0,0.0,0.0
No Record,XXXXXXXX,19:12:00,0.0,0.0,0,0.0,0.0,0,0,0,0.0,0.0
No Record,XXXXXXXX,19:13:00,0.0,0.0,0,0.0,0.0,0,0,0,0.0,0.0
No Record,XXXXXXXX,19:14:00,0.0,0.0,0,0.0,0.0,0,0,0,0.0,0.0
No Record,XXXXXXXX,19:15:00,0.0,0.0,0,0.0,0.0,0,0,0,0.0,0.0
No Record,XXXXXXXX,19:16:00,0.0,0.0,0,0.0,0.0,0,0,0,0.0,0.0
No Record,XXXXXXXX,19:17:00,0.0,0.0,0,0.0,0.0,0,0,0,0.0,0.0
No Record,XXXXXXXX,19:18:00,0.0,0.0,0,0.0,0.0,0,0,0,0.0,0.0
No Record,XXXXXXXX,19:19:00,0.0,0.0,0,0.0,0.0,0,0,0,0.0,0.0
No Record,XXXXXXXX,19:20:00,0.0,0.0,0,0.0,0.0,0,0,0,0.0,0.0
No Record,XXXXXXXX,19:21:00,0.0,0.0,0,0.0,0.0,0,0,0,0.0,0.0
No Record,XXXXXXXX,19:22:00,0.0,0.0,0,0.0,0.0,0,0,0,0.0,0.0
No Record,XXXXXXXX,19:23:00,0.0,0.0,0,0.0,0.0,0,0,0,0.0,0.0
No Record,XXXXXXXX,19:24:00,0.0,0.0,0,0.0,0.0,0,0,0,0.0,0.0
No Record,XXXXXXXX,19:25:00,0.0,0.0,0,0.0,0.0,0,0,0,0.0,0.0
No Record,XXXXXXXX,19:26:00,0.0,0.0,0,0.0,0.0,0,0,0,0.0,0.0
No Record,XXXXXXXX,19:27:00,0.0,0.0,0,0.0,0.0,0,0,0,0.0,0.0
No Record,XXXXXXXX,19:28:00,0.0,0.0,0,0.0,0.0,0,0,0,0.0,0.0
No Record,XXXXXXXX,19:29:00,0.0,0.0,0,0.0,0.0,0,0,0,0.0,0.0
No Record,XXXXXXXX,19:30:00,0.0,0.0,0,0.0,0.0,0,0,0,0.0,0.0
No Record,XXXXXXXX,19:31:00,0.0,0.0,0,0.0,0.0,0,0,0,0.0,0.0
No Record,XXXXXXXX,19:32:00,0.0,0.0,0,0.0,0.0,0,0,0,0.0,0.0
No Record,XXXXXXXX,19:33:00,0.0,0.0,0,0.0,0.0,0,0,0,0.0,0.0
No Record,XXXXXXXX,19:34:00,0.0,0.0,0,0.0,0.0,0,0,0,0.0,0.0
No Record,XXXXXXXX,19:35:00,0.0,0.0,0,0.0,0.0,0,0,0,0.0,0.0
No Record,XXXXXXXX,19:36:00,0.0,0.0,0,0.0,0.0,0,0,0,0.0,0.0
No Record,XXXXXXXX,19:37:00,0.0,0.0,0,0.0,0.0,0,0,0,0.0,0.0
No Record,XXXXXXXX,19:38:00,0.0,0.0,0,0.0,0.0,0,0,0,0.0,0.0
No Record,XXXXXXXX,19:39:00,0.0,0.0,0,0.0,0.0,0,0,0,0.0,0.0
No Record,XXXXXXXX,19:40:00,0.0,0.0,0,0.0,0.0,0,0,0,0.0,0.0
No Record,XXXXXXXX,19:41:00,0.0,0.0,0,0.0,0.0,0,0,0,0.0,0.0
No Record,XXXXXXXX,19:42:00,0.0,0.0,0,0.0,0.0,0,0,0,0.0,0.0
No Record,XXXXXXXX,19:43:00,0.0,0.0,0,0.0,0.0,0,0,0,0.0,0.0
No Record,XXXXXXXX,19:44:00,0.0,0.0,0,0.0,0.0,0,0,0,0.0,0.0
No Record,XXXXXXXX,19:45:00,0.0,0.0,0,0.0,0.0,0,0,0,0.0,0.0
No Record,XXXXXXXX,19:46:00,0.0,0.0,0,0.0,0.0,0,0,0,0.0,0.0
No Record,XXXXXXXX,19:47:00,0.0,0.0,0,0.0,0.0,0,0,0,0.0,0.0
No Record,XXXXXXXX,19:48:00,0.0,0.0,0,0.0,0.0,0,0,0,0.0,0.0
No Record,XXXXXXXX,19:49:00,0.0,0.0,0,0.0,0.0,0,0,0,0.0,0.0
No Record,XXXXXXXX,19:50:00,0.0,0.0,0,0.0,0.0,0,0,0,0.0,0.0
No Record,XXXXXXXX,19:51:00,0.0,0.0,0,0.0,0.0,0,0,0,0.0,0.0
No Record,XXXXXXXX,19:52:00,0.0,0.0,0,0.0,0.0,0,0,0,0.0,0.0
No Record,XXXXXXXX,19:53:00,0.0,0.0,0,0.0,0.0,0,0,0,0.0,0.0
No Record,XXXXXXXX,19:54:00,0.0,0.0,0,0.0,0.0,0,0,0,0.0,0.0
No Record,XXXXXXXX,19:55:00,0.0,0.0,0,0.0,0.0,0,0,0,0.0,0.0
No Record,XXXXXXXX,19:56:00,0.0,0.0,0,0.0,0.0,0,0,0,0.0,0.0
No Record,XXXXXXXX,19:57:00,0.0,0.0,0,0.0,0.0,0,0,0,0.0,0.0
No Record,XXXXXXXX,19:58:00,0.0,0.0,0,0.0,0.0,0,0,0,0.0,0.0
No Record,XXXXXXXX,19:59:00,0.0,0.0,0,0.0,0.0,0,0,0,0.0,0.0
No Record,XXXXXXXX,20:00:00,0.0,0.0,0,0.0,0.0,0,0,0,0.0,0.0
